111 2
-88448 16239
-88447 10140
-88445 6859
-88444 10582
-88436 15737
-88434 4760
-88430 14718
-88420 6231
-88411 7702
-88404 14200
-88401 16994
-88400 17154
-88399 16625
-88395 14811
-88385 9916
-88375 12499
-88373 9720
-88368 10897
-88367 8630
-88361 11250
-88355 12785
-88353 13997
-88348 11988
-88340 7952
-88332 4163
-88328 16031
-88325 8412
-88320 12105
-88310 4998
-88306 13746
-88302 4557
-88292 6214
-88287 14223
-88277 8064
-88267 9780
-88261 13630
-88257 8400
-88256 12791
-88253 14493
-88250 6838
-88249 10692
-88248 4897
-88246 12325
-88236 15149
-88229 14075
-88227 7298
-88221 13440
-88211 9044
-88202 8216
-88194 5977
-88188 5721
-88180 3823
-88178 11973
-88171 12234
-88164 7420
-88159 7847
-88152 11573
-88149 14321
-88144 10710
-88143 6005
-88136 4258
-88131 12794
-88123 10906
-88118 6078
-88115 8557
-88107 8161
-88101 5159
-88092 7225
-88086 4545
-88083 11331
-88077 5954
-88067 4863
-88060 13802
-88058 5172
-88052 8394
-88049 10452
-88039 13348
-88032 7091
-88029 5008
-88022 7342
-88018 3839
-88011 5716
-88010 4440
-88001 11305
-87999 6336
-87989 7549
-87985 9472
-87984 5661
-87981 8370
-87979 5792
-87971 12257
-87969 9577
-87965 8269
-87959 10758
-87958 9959
-87955 7471
-87950 5004
-87944 3842
-87941 10812
-87938 8847
-87928 2692
-87924 4464
-87922 7800
-87919 4964
-87909 3973
-87904 5467
-87903 3344
-87898 8796
-87890 4326
-87889 3421
-87886 1323
