200 3
-97848 119
-96075 128
-96046 87
-95895 167
-94405 193
-93472 133
-92650 179
-92447 66
-91652 226
-91387 85
-90492 56
-90121 165
-90082 235
-89744 166
-89472 186
-89064 183
-87637 95
-85939 147
-84823 64
-80200 12
-79864 132
-79079 150
-78886 71
-78694 135
-76664 112
-75313 121
-74546 13
-74220 178
-70599 200
-69762 122
-68725 146
-67396 188
-66543 217
-65869 125
-64068 100
-63421 91
-62980 132
-61568 142
-60232 158
-59842 202
-59663 98
-58474 38
-57671 60
-57264 61
-55838 11
-55041 245
-54281 88
-53455 100
-53282 219
-53260 139
-52195 63
-52028 150
-51925 70
-49826 202
-48943 170
-48563 98
-48437 178
-47663 80
-47376 201
-45036 200
-44518 174
-44405 219
-40411 228
-38695 121
-36558 97
-36293 116
-35951 90
-35789 57
-35684 159
-34913 90
-34734 115
-34642 48
-34537 25
-32919 132
-31886 119
-25211 37
-23759 127
-23192 6
-22095 128
-21580 153
-21217 237
-19189 87
-17008 237
-15653 188
-15437 105
-14993 74
-13901 167
-13622 114
-12567 202
-12422 17
-10608 29
-9661 65
-9083 12
-7126 112
-5238 150
-4391 67
-3699 133
-3465 165
-3435 250
-3004 116
-1866 231
-1795 27
-523 116
-397 88
512 88
2734 90
6195 9
6490 124
6577 178
8778 216
9036 202
9222 166
9646 139
9876 157
12818 33
13820 195
14063 166
14202 160
15425 213
15984 52
16816 202
17799 19
20612 147
20767 37
22736 80
24088 104
24249 237
24399 216
26389 200
27030 216
27852 247
28543 245
29077 132
31665 146
32810 104
32874 246
33545 190
33742 219
38078 109
39436 11
40787 210
43537 218
43571 234
44149 173
44463 158
44648 16
45849 151
46844 167
47180 15
48182 79
50201 111
50403 25
50847 190
51323 135
51982 202
52346 236
52546 212
53005 209
53052 91
55711 81
59970 122
60599 151
60804 60
62494 7
62621 82
63752 146
64376 11
65434 241
66076 116
68198 101
69169 75
70997 228
71083 243
71171 184
71368 169
72068 80
75747 64
76706 15
77962 250
78011 150
80939 208
82064 23
82248 66
83773 168
83778 194
84710 248
86140 206
86222 156
87463 115
87519 133
87593 57
88936 129
92104 146
92587 196
93702 16
94073 78
94540 140
95058 190
95737 68
99942 137
