1740 5
-99999 9
-93552 2
-87480 3
-84682 4
-67198 5
-55155 3
-53826 8
-42244 7
-31539 4
5078 8
12465 4
38189 4
39540 1
71124 6
71707 3
84965 3
85142 3
86791 7
92634 8
100001 8
100001 9
106448 2
112520 3
115318 4
132802 5
144845 3
146174 8
157756 7
168461 4
205078 8
212465 4
238189 4
239540 1
271124 6
271707 3
284965 3
285142 3
286791 7
292634 8
300001 8
300001 9
306448 2
312520 3
315318 4
332802 5
344845 3
346174 8
357756 7
368461 4
405078 8
412465 4
438189 4
439540 1
471124 6
471707 3
484965 3
485142 3
486791 7
492634 8
500001 8
500001 9
506448 2
512520 3
515318 4
532802 5
544845 3
546174 8
557756 7
568461 4
605078 8
612465 4
638189 4
639540 1
671124 6
671707 3
684965 3
685142 3
686791 7
692634 8
700001 8
700001 9
706448 2
712520 3
715318 4
732802 5
744845 3
746174 8
757756 7
768461 4
805078 8
812465 4
838189 4
839540 1
871124 6
871707 3
884965 3
885142 3
886791 7
892634 8
900001 8
900001 9
906448 2
912520 3
915318 4
932802 5
944845 3
946174 8
957756 7
968461 4
1005078 8
1012465 4
1038189 4
1039540 1
1071124 6
1071707 3
1084965 3
1085142 3
1086791 7
1092634 8
1100001 8
1100001 9
1106448 2
1112520 3
1115318 4
1132802 5
1144845 3
1146174 8
1157756 7
1168461 4
1205078 8
1212465 4
1238189 4
1239540 1
1271124 6
1271707 3
1284965 3
1285142 3
1286791 7
1292634 8
1300001 8
1300001 9
1306448 2
1312520 3
1315318 4
1332802 5
1344845 3
1346174 8
1357756 7
1368461 4
1405078 8
1412465 4
1438189 4
1439540 1
1471124 6
1471707 3
1484965 3
1485142 3
1486791 7
1492634 8
1500001 8
1500001 9
1506448 2
1512520 3
1515318 4
1532802 5
1544845 3
1546174 8
1557756 7
1568461 4
1605078 8
1612465 4
1638189 4
1639540 1
1671124 6
1671707 3
1684965 3
1685142 3
1686791 7
1692634 8
1700001 8
1700001 9
1706448 2
1712520 3
1715318 4
1732802 5
1744845 3
1746174 8
1757756 7
1768461 4
1805078 8
1812465 4
1838189 4
1839540 1
1871124 6
1871707 3
1884965 3
1885142 3
1886791 7
1892634 8
1900001 8
1900001 9
1906448 2
1912520 3
1915318 4
1932802 5
1944845 3
1946174 8
1957756 7
1968461 4
2005078 8
2012465 4
2038189 4
2039540 1
2071124 6
2071707 3
2084965 3
2085142 3
2086791 7
2092634 8
2100001 8
2100001 9
2106448 2
2112520 3
2115318 4
2132802 5
2144845 3
2146174 8
2157756 7
2168461 4
2205078 8
2212465 4
2238189 4
2239540 1
2271124 6
2271707 3
2284965 3
2285142 3
2286791 7
2292634 8
2300001 8
2300001 9
2306448 2
2312520 3
2315318 4
2332802 5
2344845 3
2346174 8
2357756 7
2368461 4
2405078 8
2412465 4
2438189 4
2439540 1
2471124 6
2471707 3
2484965 3
2485142 3
2486791 7
2492634 8
2500001 8
2500001 9
2506448 2
2512520 3
2515318 4
2532802 5
2544845 3
2546174 8
2557756 7
2568461 4
2605078 8
2612465 4
2638189 4
2639540 1
2671124 6
2671707 3
2684965 3
2685142 3
2686791 7
2692634 8
2700001 8
2700001 9
2706448 2
2712520 3
2715318 4
2732802 5
2744845 3
2746174 8
2757756 7
2768461 4
2805078 8
2812465 4
2838189 4
2839540 1
2871124 6
2871707 3
2884965 3
2885142 3
2886791 7
2892634 8
2900001 8
2900001 9
2906448 2
2912520 3
2915318 4
2932802 5
2944845 3
2946174 8
2957756 7
2968461 4
3005078 8
3012465 4
3038189 4
3039540 1
3071124 6
3071707 3
3084965 3
3085142 3
3086791 7
3092634 8
3100001 8
3100001 9
3106448 2
3112520 3
3115318 4
3132802 5
3144845 3
3146174 8
3157756 7
3168461 4
3205078 8
3212465 4
3238189 4
3239540 1
3271124 6
3271707 3
3284965 3
3285142 3
3286791 7
3292634 8
3300001 8
3300001 9
3306448 2
3312520 3
3315318 4
3332802 5
3344845 3
3346174 8
3357756 7
3368461 4
3405078 8
3412465 4
3438189 4
3439540 1
3471124 6
3471707 3
3484965 3
3485142 3
3486791 7
3492634 8
3500001 8
3500001 9
3506448 2
3512520 3
3515318 4
3532802 5
3544845 3
3546174 8
3557756 7
3568461 4
3605078 8
3612465 4
3638189 4
3639540 1
3671124 6
3671707 3
3684965 3
3685142 3
3686791 7
3692634 8
3700001 8
3700001 9
3706448 2
3712520 3
3715318 4
3732802 5
3744845 3
3746174 8
3757756 7
3768461 4
3805078 8
3812465 4
3838189 4
3839540 1
3871124 6
3871707 3
3884965 3
3885142 3
3886791 7
3892634 8
3900001 8
3900001 9
3906448 2
3912520 3
3915318 4
3932802 5
3944845 3
3946174 8
3957756 7
3968461 4
4005078 8
4012465 4
4038189 4
4039540 1
4071124 6
4071707 3
4084965 3
4085142 3
4086791 7
4092634 8
4100001 8
4100001 9
4106448 2
4112520 3
4115318 4
4132802 5
4144845 3
4146174 8
4157756 7
4168461 4
4205078 8
4212465 4
4238189 4
4239540 1
4271124 6
4271707 3
4284965 3
4285142 3
4286791 7
4292634 8
4300001 8
4300001 9
4306448 2
4312520 3
4315318 4
4332802 5
4344845 3
4346174 8
4357756 7
4368461 4
4405078 8
4412465 4
4438189 4
4439540 1
4471124 6
4471707 3
4484965 3
4485142 3
4486791 7
4492634 8
4500001 8
4500001 9
4506448 2
4512520 3
4515318 4
4532802 5
4544845 3
4546174 8
4557756 7
4568461 4
4605078 8
4612465 4
4638189 4
4639540 1
4671124 6
4671707 3
4684965 3
4685142 3
4686791 7
4692634 8
4700001 8
4700001 9
4706448 2
4712520 3
4715318 4
4732802 5
4744845 3
4746174 8
4757756 7
4768461 4
4805078 8
4812465 4
4838189 4
4839540 1
4871124 6
4871707 3
4884965 3
4885142 3
4886791 7
4892634 8
4900001 8
4900001 9
4906448 2
4912520 3
4915318 4
4932802 5
4944845 3
4946174 8
4957756 7
4968461 4
5005078 8
5012465 4
5038189 4
5039540 1
5071124 6
5071707 3
5084965 3
5085142 3
5086791 7
5092634 8
5100001 8
5100001 9
5106448 2
5112520 3
5115318 4
5132802 5
5144845 3
5146174 8
5157756 7
5168461 4
5205078 8
5212465 4
5238189 4
5239540 1
5271124 6
5271707 3
5284965 3
5285142 3
5286791 7
5292634 8
5300001 8
5300001 9
5306448 2
5312520 3
5315318 4
5332802 5
5344845 3
5346174 8
5357756 7
5368461 4
5405078 8
5412465 4
5438189 4
5439540 1
5471124 6
5471707 3
5484965 3
5485142 3
5486791 7
5492634 8
5500001 8
5500001 9
5506448 2
5512520 3
5515318 4
5532802 5
5544845 3
5546174 8
5557756 7
5568461 4
5605078 8
5612465 4
5638189 4
5639540 1
5671124 6
5671707 3
5684965 3
5685142 3
5686791 7
5692634 8
5700001 8
5700001 9
5706448 2
5712520 3
5715318 4
5732802 5
5744845 3
5746174 8
5757756 7
5768461 4
5805078 8
5812465 4
5838189 4
5839540 1
5871124 6
5871707 3
5884965 3
5885142 3
5886791 7
5892634 8
5900001 8
5900001 9
5906448 2
5912520 3
5915318 4
5932802 5
5944845 3
5946174 8
5957756 7
5968461 4
6005078 8
6012465 4
6038189 4
6039540 1
6071124 6
6071707 3
6084965 3
6085142 3
6086791 7
6092634 8
6100001 8
6100001 9
6106448 2
6112520 3
6115318 4
6132802 5
6144845 3
6146174 8
6157756 7
6168461 4
6205078 8
6212465 4
6238189 4
6239540 1
6271124 6
6271707 3
6284965 3
6285142 3
6286791 7
6292634 8
6300001 8
6300001 9
6306448 2
6312520 3
6315318 4
6332802 5
6344845 3
6346174 8
6357756 7
6368461 4
6405078 8
6412465 4
6438189 4
6439540 1
6471124 6
6471707 3
6484965 3
6485142 3
6486791 7
6492634 8
6500001 8
6500001 9
6506448 2
6512520 3
6515318 4
6532802 5
6544845 3
6546174 8
6557756 7
6568461 4
6605078 8
6612465 4
6638189 4
6639540 1
6671124 6
6671707 3
6684965 3
6685142 3
6686791 7
6692634 8
6700001 8
6700001 9
6706448 2
6712520 3
6715318 4
6732802 5
6744845 3
6746174 8
6757756 7
6768461 4
6805078 8
6812465 4
6838189 4
6839540 1
6871124 6
6871707 3
6884965 3
6885142 3
6886791 7
6892634 8
6900001 8
6900001 9
6906448 2
6912520 3
6915318 4
6932802 5
6944845 3
6946174 8
6957756 7
6968461 4
7005078 8
7012465 4
7038189 4
7039540 1
7071124 6
7071707 3
7084965 3
7085142 3
7086791 7
7092634 8
7100001 8
7100001 9
7106448 2
7112520 3
7115318 4
7132802 5
7144845 3
7146174 8
7157756 7
7168461 4
7205078 8
7212465 4
7238189 4
7239540 1
7271124 6
7271707 3
7284965 3
7285142 3
7286791 7
7292634 8
7300001 8
7300001 9
7306448 2
7312520 3
7315318 4
7332802 5
7344845 3
7346174 8
7357756 7
7368461 4
7405078 8
7412465 4
7438189 4
7439540 1
7471124 6
7471707 3
7484965 3
7485142 3
7486791 7
7492634 8
7500001 8
7500001 9
7506448 2
7512520 3
7515318 4
7532802 5
7544845 3
7546174 8
7557756 7
7568461 4
7605078 8
7612465 4
7638189 4
7639540 1
7671124 6
7671707 3
7684965 3
7685142 3
7686791 7
7692634 8
7700001 8
7700001 9
7706448 2
7712520 3
7715318 4
7732802 5
7744845 3
7746174 8
7757756 7
7768461 4
7805078 8
7812465 4
7838189 4
7839540 1
7871124 6
7871707 3
7884965 3
7885142 3
7886791 7
7892634 8
7900001 8
7900001 9
7906448 2
7912520 3
7915318 4
7932802 5
7944845 3
7946174 8
7957756 7
7968461 4
8005078 8
8012465 4
8038189 4
8039540 1
8071124 6
8071707 3
8084965 3
8085142 3
8086791 7
8092634 8
8100001 8
8100001 9
8106448 2
8112520 3
8115318 4
8132802 5
8144845 3
8146174 8
8157756 7
8168461 4
8205078 8
8212465 4
8238189 4
8239540 1
8271124 6
8271707 3
8284965 3
8285142 3
8286791 7
8292634 8
8300001 8
8300001 9
8306448 2
8312520 3
8315318 4
8332802 5
8344845 3
8346174 8
8357756 7
8368461 4
8405078 8
8412465 4
8438189 4
8439540 1
8471124 6
8471707 3
8484965 3
8485142 3
8486791 7
8492634 8
8500001 8
8500001 9
8506448 2
8512520 3
8515318 4
8532802 5
8544845 3
8546174 8
8557756 7
8568461 4
8605078 8
8612465 4
8638189 4
8639540 1
8671124 6
8671707 3
8684965 3
8685142 3
8686791 7
8692634 8
8700001 8
8700001 9
8706448 2
8712520 3
8715318 4
8732802 5
8744845 3
8746174 8
8757756 7
8768461 4
8805078 8
8812465 4
8838189 4
8839540 1
8871124 6
8871707 3
8884965 3
8885142 3
8886791 7
8892634 8
8900001 8
8900001 9
8906448 2
8912520 3
8915318 4
8932802 5
8944845 3
8946174 8
8957756 7
8968461 4
9005078 8
9012465 4
9038189 4
9039540 1
9071124 6
9071707 3
9084965 3
9085142 3
9086791 7
9092634 8
9100001 8
9100001 9
9106448 2
9112520 3
9115318 4
9132802 5
9144845 3
9146174 8
9157756 7
9168461 4
9205078 8
9212465 4
9238189 4
9239540 1
9271124 6
9271707 3
9284965 3
9285142 3
9286791 7
9292634 8
9300001 8
9300001 9
9306448 2
9312520 3
9315318 4
9332802 5
9344845 3
9346174 8
9357756 7
9368461 4
9405078 8
9412465 4
9438189 4
9439540 1
9471124 6
9471707 3
9484965 3
9485142 3
9486791 7
9492634 8
9500001 8
9500001 9
9506448 2
9512520 3
9515318 4
9532802 5
9544845 3
9546174 8
9557756 7
9568461 4
9605078 8
9612465 4
9638189 4
9639540 1
9671124 6
9671707 3
9684965 3
9685142 3
9686791 7
9692634 8
9700001 8
9700001 9
9706448 2
9712520 3
9715318 4
9732802 5
9744845 3
9746174 8
9757756 7
9768461 4
9805078 8
9812465 4
9838189 4
9839540 1
9871124 6
9871707 3
9884965 3
9885142 3
9886791 7
9892634 8
9900001 8
9900001 9
9906448 2
9912520 3
9915318 4
9932802 5
9944845 3
9946174 8
9957756 7
9968461 4
10005078 8
10012465 4
10038189 4
10039540 1
10071124 6
10071707 3
10084965 3
10085142 3
10086791 7
10092634 8
10100001 8
10100001 9
10106448 2
10112520 3
10115318 4
10132802 5
10144845 3
10146174 8
10157756 7
10168461 4
10205078 8
10212465 4
10238189 4
10239540 1
10271124 6
10271707 3
10284965 3
10285142 3
10286791 7
10292634 8
10300001 8
10300001 9
10306448 2
10312520 3
10315318 4
10332802 5
10344845 3
10346174 8
10357756 7
10368461 4
10405078 8
10412465 4
10438189 4
10439540 1
10471124 6
10471707 3
10484965 3
10485142 3
10486791 7
10492634 8
10500001 8
10500001 9
10506448 2
10512520 3
10515318 4
10532802 5
10544845 3
10546174 8
10557756 7
10568461 4
10605078 8
10612465 4
10638189 4
10639540 1
10671124 6
10671707 3
10684965 3
10685142 3
10686791 7
10692634 8
10700001 8
10700001 9
10706448 2
10712520 3
10715318 4
10732802 5
10744845 3
10746174 8
10757756 7
10768461 4
10805078 8
10812465 4
10838189 4
10839540 1
10871124 6
10871707 3
10884965 3
10885142 3
10886791 7
10892634 8
10900001 8
10900001 9
10906448 2
10912520 3
10915318 4
10932802 5
10944845 3
10946174 8
10957756 7
10968461 4
11005078 8
11012465 4
11038189 4
11039540 1
11071124 6
11071707 3
11084965 3
11085142 3
11086791 7
11092634 8
11100001 8
11100001 9
11106448 2
11112520 3
11115318 4
11132802 5
11144845 3
11146174 8
11157756 7
11168461 4
11205078 8
11212465 4
11238189 4
11239540 1
11271124 6
11271707 3
11284965 3
11285142 3
11286791 7
11292634 8
11300001 8
11300001 9
11306448 2
11312520 3
11315318 4
11332802 5
11344845 3
11346174 8
11357756 7
11368461 4
11405078 8
11412465 4
11438189 4
11439540 1
11471124 6
11471707 3
11484965 3
11485142 3
11486791 7
11492634 8
11500001 8
11500001 9
11506448 2
11512520 3
11515318 4
11532802 5
11544845 3
11546174 8
11557756 7
11568461 4
11605078 8
11612465 4
11638189 4
11639540 1
11671124 6
11671707 3
11684965 3
11685142 3
11686791 7
11692634 8
11700001 8
11700001 9
11706448 2
11712520 3
11715318 4
11732802 5
11744845 3
11746174 8
11757756 7
11768461 4
11805078 8
11812465 4
11838189 4
11839540 1
11871124 6
11871707 3
11884965 3
11885142 3
11886791 7
11892634 8
11900001 8
11900001 9
11906448 2
11912520 3
11915318 4
11932802 5
11944845 3
11946174 8
11957756 7
11968461 4
12005078 8
12012465 4
12038189 4
12039540 1
12071124 6
12071707 3
12084965 3
12085142 3
12086791 7
12092634 8
12100001 8
12100001 9
12106448 2
12112520 3
12115318 4
12132802 5
12144845 3
12146174 8
12157756 7
12168461 4
12205078 8
12212465 4
12238189 4
12239540 1
12271124 6
12271707 3
12284965 3
12285142 3
12286791 7
12292634 8
12300001 8
12300001 9
12306448 2
12312520 3
12315318 4
12332802 5
12344845 3
12346174 8
12357756 7
12368461 4
12405078 8
12412465 4
12438189 4
12439540 1
12471124 6
12471707 3
12484965 3
12485142 3
12486791 7
12492634 8
12500001 8
12500001 9
12506448 2
12512520 3
12515318 4
12532802 5
12544845 3
12546174 8
12557756 7
12568461 4
12605078 8
12612465 4
12638189 4
12639540 1
12671124 6
12671707 3
12684965 3
12685142 3
12686791 7
12692634 8
12700001 8
12700001 9
12706448 2
12712520 3
12715318 4
12732802 5
12744845 3
12746174 8
12757756 7
12768461 4
12805078 8
12812465 4
12838189 4
12839540 1
12871124 6
12871707 3
12884965 3
12885142 3
12886791 7
12892634 8
12900001 8
12900001 9
12906448 2
12912520 3
12915318 4
12932802 5
12944845 3
12946174 8
12957756 7
12968461 4
13005078 8
13012465 4
13038189 4
13039540 1
13071124 6
13071707 3
13084965 3
13085142 3
13086791 7
13092634 8
13100001 8
13100001 9
13106448 2
13112520 3
13115318 4
13132802 5
13144845 3
13146174 8
13157756 7
13168461 4
13205078 8
13212465 4
13238189 4
13239540 1
13271124 6
13271707 3
13284965 3
13285142 3
13286791 7
13292634 8
13300001 8
13300001 9
13306448 2
13312520 3
13315318 4
13332802 5
13344845 3
13346174 8
13357756 7
13368461 4
13405078 8
13412465 4
13438189 4
13439540 1
13471124 6
13471707 3
13484965 3
13485142 3
13486791 7
13492634 8
13500001 8
13500001 9
13506448 2
13512520 3
13515318 4
13532802 5
13544845 3
13546174 8
13557756 7
13568461 4
13605078 8
13612465 4
13638189 4
13639540 1
13671124 6
13671707 3
13684965 3
13685142 3
13686791 7
13692634 8
13700001 8
13700001 9
13706448 2
13712520 3
13715318 4
13732802 5
13744845 3
13746174 8
13757756 7
13768461 4
13805078 8
13812465 4
13838189 4
13839540 1
13871124 6
13871707 3
13884965 3
13885142 3
13886791 7
13892634 8
13900001 8
13900001 9
13906448 2
13912520 3
13915318 4
13932802 5
13944845 3
13946174 8
13957756 7
13968461 4
14005078 8
14012465 4
14038189 4
14039540 1
14071124 6
14071707 3
14084965 3
14085142 3
14086791 7
14092634 8
14100001 8
14100001 9
14106448 2
14112520 3
14115318 4
14132802 5
14144845 3
14146174 8
14157756 7
14168461 4
14205078 8
14212465 4
14238189 4
14239540 1
14271124 6
14271707 3
14284965 3
14285142 3
14286791 7
14292634 8
14300001 8
14300001 9
14306448 2
14312520 3
14315318 4
14332802 5
14344845 3
14346174 8
14357756 7
14368461 4
14405078 8
14412465 4
14438189 4
14439540 1
14471124 6
14471707 3
14484965 3
14485142 3
14486791 7
14492634 8
14500001 8
14500001 9
14506448 2
14512520 3
14515318 4
14532802 5
14544845 3
14546174 8
14557756 7
14568461 4
14605078 8
14612465 4
14638189 4
14639540 1
14671124 6
14671707 3
14684965 3
14685142 3
14686791 7
14692634 8
14700001 8
14700001 9
14706448 2
14712520 3
14715318 4
14732802 5
14744845 3
14746174 8
14757756 7
14768461 4
14805078 8
14812465 4
14838189 4
14839540 1
14871124 6
14871707 3
14884965 3
14885142 3
14886791 7
14892634 8
14900001 8
14900001 9
14906448 2
14912520 3
14915318 4
14932802 5
14944845 3
14946174 8
14957756 7
14968461 4
15005078 8
15012465 4
15038189 4
15039540 1
15071124 6
15071707 3
15084965 3
15085142 3
15086791 7
15092634 8
15100001 8
15100001 9
15106448 2
15112520 3
15115318 4
15132802 5
15144845 3
15146174 8
15157756 7
15168461 4
15205078 8
15212465 4
15238189 4
15239540 1
15271124 6
15271707 3
15284965 3
15285142 3
15286791 7
15292634 8
15300001 8
15300001 9
15306448 2
15312520 3
15315318 4
15332802 5
15344845 3
15346174 8
15357756 7
15368461 4
15405078 8
15412465 4
15438189 4
15439540 1
15471124 6
15471707 3
15484965 3
15485142 3
15486791 7
15492634 8
15500001 8
15500001 9
15506448 2
15512520 3
15515318 4
15532802 5
15544845 3
15546174 8
15557756 7
15568461 4
15605078 8
15612465 4
15638189 4
15639540 1
15671124 6
15671707 3
15684965 3
15685142 3
15686791 7
15692634 8
15700001 8
15700001 9
15706448 2
15712520 3
15715318 4
15732802 5
15744845 3
15746174 8
15757756 7
15768461 4
15805078 8
15812465 4
15838189 4
15839540 1
15871124 6
15871707 3
15884965 3
15885142 3
15886791 7
15892634 8
15900001 8
15900001 9
15906448 2
15912520 3
15915318 4
15932802 5
15944845 3
15946174 8
15957756 7
15968461 4
16005078 8
16012465 4
16038189 4
16039540 1
16071124 6
16071707 3
16084965 3
16085142 3
16086791 7
16092634 8
16100001 8
16100001 9
16106448 2
16112520 3
16115318 4
16132802 5
16144845 3
16146174 8
16157756 7
16168461 4
16205078 8
16212465 4
16238189 4
16239540 1
16271124 6
16271707 3
16284965 3
16285142 3
16286791 7
16292634 8
16300001 8
16300001 9
16306448 2
16312520 3
16315318 4
16332802 5
16344845 3
16346174 8
16357756 7
16368461 4
16405078 8
16412465 4
16438189 4
16439540 1
16471124 6
16471707 3
16484965 3
16485142 3
16486791 7
16492634 8
16500001 8
16500001 9
16506448 2
16512520 3
16515318 4
16532802 5
16544845 3
16546174 8
16557756 7
16568461 4
16605078 8
16612465 4
16638189 4
16639540 1
16671124 6
16671707 3
16684965 3
16685142 3
16686791 7
16692634 8
16700001 8
16700001 9
16706448 2
16712520 3
16715318 4
16732802 5
16744845 3
16746174 8
16757756 7
16768461 4
16805078 8
16812465 4
16838189 4
16839540 1
16871124 6
16871707 3
16884965 3
16885142 3
16886791 7
16892634 8
16900001 8
16900001 9
16906448 2
16912520 3
16915318 4
16932802 5
16944845 3
16946174 8
16957756 7
16968461 4
17005078 8
17012465 4
17038189 4
17039540 1
17071124 6
17071707 3
17084965 3
17085142 3
17086791 7
17092634 8
17100001 8
17100001 9
17106448 2
17112520 3
17115318 4
17132802 5
17144845 3
17146174 8
17157756 7
17168461 4
17205078 8
17212465 4
17238189 4
17239540 1
17271124 6
17271707 3
17284965 3
17285142 3
17286791 7
17292634 8
17300001 8
