181 6
-57014 80
-56995 72
-56984 87
-56955 211
-56932 155
-56915 111
-56903 190
-56881 71
-56880 59
-56872 224
-56860 192
-56838 86
-56824 123
-56810 70
-56793 59
-56779 108
-56776 210
-56768 114
-56741 152
-56734 69
-56713 95
-56700 206
-56697 72
-56688 139
-56684 221
-56658 156
-56635 179
-56616 216
-56608 55
-56592 165
-56582 180
-56553 125
-56546 122
-56530 125
-56527 163
-56514 57
-56507 87
-56498 170
-56468 185
-56464 145
-56446 130
-56444 53
-56423 85
-56394 161
-56388 58
-56367 116
-56340 58
-56321 111
-56312 138
-56307 181
-56297 52
-56278 76
-56266 66
-56250 99
-56230 123
-56202 173
-56201 166
-56193 74
-56190 104
-56179 125
-56167 89
-56153 176
-56126 138
-56116 145
-56096 54
-56066 151
-56044 77
-56038 89
-56009 65
-55981 40
-55957 48
-55940 48
-55924 138
-55895 118
-55881 72
-55864 26
20859 6
20875 11
20883 9
20900 15
20922 11
20931 7
20957 16
20965 14
20991 8
21003 19
21025 19
21052 14
21065 10
21073 11
21077 7
21081 11
21089 14
21099 6
21104 18
21129 13
21134 8
21135 7
21143 13
21159 12
21164 12
21170 18
21186 13
21211 8
21237 6
21245 5
21263 8
21274 12
21296 10
21319 17
21328 5
21342 12
21353 7
21365 13
21378 15
21405 6
21420 5
21434 11
21459 19
21471 15
21473 14
21476 15
21489 9
21517 7
21543 9
21565 14
21594 15
21602 9
21612 14
21615 13
21645 8
21646 7
21668 9
21696 17
21724 6
21744 8
21755 11
21757 14
21776 5
21787 11
21799 9
21800 7
21820 7
21823 12
21834 17
21838 13
21856 4
21871 5
21895 4
21904 16
21908 6
21920 10
21932 8
21945 13
21949 15
21977 14
21993 11
22010 7
22030 13
22055 12
22063 4
22064 10
22080 3
22107 10
22118 13
22140 7
22143 5
22147 8
22155 11
22182 5
22190 8
22208 7
22214 6
22233 9
22247 6
22255 3
22279 12
22288 6
22316 8
22319 5
22328 1
