191 1
-61109 12649
-61081 12287
-61074 19377
-61059 20733
-61055 13933
-61052 20878
-61025 11492
-60995 20460
-60979 9378
-60955 10478
-60950 9626
-60948 12916
-60926 15879
-60906 18677
-60880 20224
-60877 6124
-60867 21572
-60849 20539
-60834 9881
-60822 17617
-60820 11652
-60811 10424
-60786 22165
-60762 12916
-60748 22309
-60720 12277
-60716 18388
-60707 6256
-60696 11106
-60667 20585
-60658 7001
-60654 7734
-60648 18788
-60622 13973
-60599 10654
-60570 13433
-60557 19805
-60543 12907
-60515 17390
-60507 6072
-60500 15918
-60487 20021
-60469 15805
-60465 16904
-60462 17935
-60436 17510
-60428 12645
-60398 17027
-60386 9454
-60361 12913
-60345 5792
-60326 11505
-60312 11403
-60286 6619
-60264 8110
-60258 4848
-60237 13719
-60208 10363
-60178 15124
-60158 15028
-60141 13913
-60135 9810
-60129 4463
-60108 12982
-60095 6649
-60075 9399
-60062 10263
-60045 11547
-60029 4674
-60000 9695
-59972 5522
-59945 4641
-59932 13745
-59922 10674
-59911 2956
-59883 9089
-59877 6714
-59872 5873
-59851 4050
-59832 1852
52529 14
52544 5
52573 8
52596 10
52623 9
52636 9
52644 9
52649 4
52666 14
52681 11
52686 9
52702 10
52709 8
52713 12
52741 12
52764 8
52785 7
52815 7
52837 4
52862 3
52888 7
52901 5
52922 7
52936 9
52958 11
52984 14
53009 6
53020 5
53034 13
53054 10
53059 10
53073 3
53076 3
53082 7
53101 13
53113 8
53125 5
53134 3
53158 10
53188 12
53214 3
53239 5
53266 8
53279 8
53290 12
53294 7
53322 4
53346 13
53368 11
53383 7
53395 4
53402 11
53406 5
53414 5
53435 6
53440 4
53464 12
53492 6
53502 8
53516 9
53519 11
53539 12
53565 5
53586 11
53590 8
53600 9
53616 9
53630 3
53653 3
53661 7
53689 6
53710 4
53727 10
53753 10
53772 11
53802 3
53820 11
53841 5
53843 2
53857 9
53865 6
53868 5
53870 8
53874 5
53903 5
53932 8
53961 2
53970 9
53990 6
54014 10
54019 5
54047 3
54051 12
54078 6
54091 2
54114 11
54140 9
54145 10
54170 9
54182 8
54206 8
54225 2
54229 5
54249 7
54264 7
54286 5
54307 2
54331 4
54352 1
54373 3
54396 1
