1479 2
29299 5
29303 11
29308 7
29317 5
29319 5
29328 6
29338 8
29342 3
29343 11
29353 2
29357 4
29360 10
29362 6
29370 8
29378 6
29385 2
29390 1
29390 5
29394 11
29399 7
29408 5
29410 5
29419 6
29429 8
29433 3
29434 11
29444 2
29448 4
29451 10
29453 6
29461 8
29469 6
29476 2
29481 1
29481 5
29485 11
29490 7
29499 5
29501 5
29510 6
29520 8
29524 3
29525 11
29535 2
29539 4
29542 10
29544 6
29552 8
29560 6
29567 2
29572 1
29572 5
29576 11
29581 7
29590 5
29592 5
29601 6
29611 8
29615 3
29616 11
29626 2
29630 4
29633 10
29635 6
29643 8
29651 6
29658 2
29663 1
29663 5
29667 11
29672 7
29681 5
29683 5
29692 6
29702 8
29706 3
29707 11
29717 2
29721 4
29724 10
29726 6
29734 8
29742 6
29749 2
29754 1
29754 5
29758 11
29763 7
29772 5
29774 5
29783 6
29793 8
29797 3
29798 11
29808 2
29812 4
29815 10
29817 6
29825 8
29833 6
29840 2
29845 1
29845 5
29849 11
29854 7
29863 5
29865 5
29874 6
29884 8
29888 3
29889 11
29899 2
29903 4
29906 10
29908 6
29916 8
29924 6
29931 2
29936 1
29936 5
29940 11
29945 7
29954 5
29956 5
29965 6
29975 8
29979 3
29980 11
29990 2
29994 4
29997 10
29999 6
30007 8
30015 6
30022 2
30027 1
30027 5
30031 11
30036 7
30045 5
30047 5
30056 6
30066 8
30070 3
30071 11
30081 2
30085 4
30088 10
30090 6
30098 8
30106 6
30113 2
30118 1
30118 5
30122 11
30127 7
30136 5
30138 5
30147 6
30157 8
30161 3
30162 11
30172 2
30176 4
30179 10
30181 6
30189 8
30197 6
30204 2
30209 1
30209 5
30213 11
30218 7
30227 5
30229 5
30238 6
30248 8
30252 3
30253 11
30263 2
30267 4
30270 10
30272 6
30280 8
30288 6
30295 2
30300 1
30300 5
30304 11
30309 7
30318 5
30320 5
30329 6
30339 8
30343 3
30344 11
30354 2
30358 4
30361 10
30363 6
30371 8
30379 6
30386 2
30391 1
30391 5
30395 11
30400 7
30409 5
30411 5
30420 6
30430 8
30434 3
30435 11
30445 2
30449 4
30452 10
30454 6
30462 8
30470 6
30477 2
30482 1
30482 5
30486 11
30491 7
30500 5
30502 5
30511 6
30521 8
30525 3
30526 11
30536 2
30540 4
30543 10
30545 6
30553 8
30561 6
30568 2
30573 1
30573 5
30577 11
30582 7
30591 5
30593 5
30602 6
30612 8
30616 3
30617 11
30627 2
30631 4
30634 10
30636 6
30644 8
30652 6
30659 2
30664 1
30664 5
30668 11
30673 7
30682 5
30684 5
30693 6
30703 8
30707 3
30708 11
30718 2
30722 4
30725 10
30727 6
30735 8
30743 6
30750 2
30755 1
30755 5
30759 11
30764 7
30773 5
30775 5
30784 6
30794 8
30798 3
30799 11
30809 2
30813 4
30816 10
30818 6
30826 8
30834 6
30841 2
30846 1
30846 5
30850 11
30855 7
30864 5
30866 5
30875 6
30885 8
30889 3
30890 11
30900 2
30904 4
30907 10
30909 6
30917 8
30925 6
30932 2
30937 1
30937 5
30941 11
30946 7
30955 5
30957 5
30966 6
30976 8
30980 3
30981 11
30991 2
30995 4
30998 10
31000 6
31008 8
31016 6
31023 2
31028 1
31028 5
31032 11
31037 7
31046 5
31048 5
31057 6
31067 8
31071 3
31072 11
31082 2
31086 4
31089 10
31091 6
31099 8
31107 6
31114 2
31119 1
31119 5
31123 11
31128 7
31137 5
31139 5
31148 6
31158 8
31162 3
31163 11
31173 2
31177 4
31180 10
31182 6
31190 8
31198 6
31205 2
31210 1
31210 5
31214 11
31219 7
31228 5
31230 5
31239 6
31249 8
31253 3
31254 11
31264 2
31268 4
31271 10
31273 6
31281 8
31289 6
31296 2
31301 1
31301 5
31305 11
31310 7
31319 5
31321 5
31330 6
31340 8
31344 3
31345 11
31355 2
31359 4
31362 10
31364 6
31372 8
31380 6
31387 2
31392 1
31392 5
31396 11
31401 7
31410 5
31412 5
31421 6
31431 8
31435 3
31436 11
31446 2
31450 4
31453 10
31455 6
31463 8
31471 6
31478 2
31483 1
31483 5
31487 11
31492 7
31501 5
31503 5
31512 6
31522 8
31526 3
31527 11
31537 2
31541 4
31544 10
31546 6
31554 8
31562 6
31569 2
31574 1
31574 5
31578 11
31583 7
31592 5
31594 5
31603 6
31613 8
31617 3
31618 11
31628 2
31632 4
31635 10
31637 6
31645 8
31653 6
31660 2
31665 1
31665 5
31669 11
31674 7
31683 5
31685 5
31694 6
31704 8
31708 3
31709 11
31719 2
31723 4
31726 10
31728 6
31736 8
31744 6
31751 2
31756 1
31756 5
31760 11
31765 7
31774 5
31776 5
31785 6
31795 8
31799 3
31800 11
31810 2
31814 4
31817 10
31819 6
31827 8
31835 6
31842 2
31847 1
31847 5
31851 11
31856 7
31865 5
31867 5
31876 6
31886 8
31890 3
31891 11
31901 2
31905 4
31908 10
31910 6
31918 8
31926 6
31933 2
31938 1
31938 5
31942 11
31947 7
31956 5
31958 5
31967 6
31977 8
31981 3
31982 11
31992 2
31996 4
31999 10
32001 6
32009 8
32017 6
32024 2
32029 1
32029 5
32033 11
32038 7
32047 5
32049 5
32058 6
32068 8
32072 3
32073 11
32083 2
32087 4
32090 10
32092 6
32100 8
32108 6
32115 2
32120 1
32120 5
32124 11
32129 7
32138 5
32140 5
32149 6
32159 8
32163 3
32164 11
32174 2
32178 4
32181 10
32183 6
32191 8
32199 6
32206 2
32211 1
32211 5
32215 11
32220 7
32229 5
32231 5
32240 6
32250 8
32254 3
32255 11
32265 2
32269 4
32272 10
32274 6
32282 8
32290 6
32297 2
32302 1
32302 5
32306 11
32311 7
32320 5
32322 5
32331 6
32341 8
32345 3
32346 11
32356 2
32360 4
32363 10
32365 6
32373 8
32381 6
32388 2
32393 1
32393 5
32397 11
32402 7
32411 5
32413 5
32422 6
32432 8
32436 3
32437 11
32447 2
32451 4
32454 10
32456 6
32464 8
32472 6
32479 2
32484 1
32484 5
32488 11
32493 7
32502 5
32504 5
32513 6
32523 8
32527 3
32528 11
32538 2
32542 4
32545 10
32547 6
32555 8
32563 6
32570 2
32575 1
32575 5
32579 11
32584 7
32593 5
32595 5
32604 6
32614 8
32618 3
32619 11
32629 2
32633 4
32636 10
32638 6
32646 8
32654 6
32661 2
32666 1
32666 5
32670 11
32675 7
32684 5
32686 5
32695 6
32705 8
32709 3
32710 11
32720 2
32724 4
32727 10
32729 6
32737 8
32745 6
32752 2
32757 1
32757 5
32761 11
32766 7
32775 5
32777 5
32786 6
32796 8
32800 3
32801 11
32811 2
32815 4
32818 10
32820 6
32828 8
32836 6
32843 2
32848 1
32848 5
32852 11
32857 7
32866 5
32868 5
32877 6
32887 8
32891 3
32892 11
32902 2
32906 4
32909 10
32911 6
32919 8
32927 6
32934 2
32939 1
32939 5
32943 11
32948 7
32957 5
32959 5
32968 6
32978 8
32982 3
32983 11
32993 2
32997 4
33000 10
33002 6
33010 8
33018 6
33025 2
33030 1
33030 5
33034 11
33039 7
33048 5
33050 5
33059 6
33069 8
33073 3
33074 11
33084 2
33088 4
33091 10
33093 6
33101 8
33109 6
33116 2
33121 1
33121 5
33125 11
33130 7
33139 5
33141 5
33150 6
33160 8
33164 3
33165 11
33175 2
33179 4
33182 10
33184 6
33192 8
33200 6
33207 2
33212 1
33212 5
33216 11
33221 7
33230 5
33232 5
33241 6
33251 8
33255 3
33256 11
33266 2
33270 4
33273 10
33275 6
33283 8
33291 6
33298 2
33303 1
33303 5
33307 11
33312 7
33321 5
33323 5
33332 6
33342 8
33346 3
33347 11
33357 2
33361 4
33364 10
33366 6
33374 8
33382 6
33389 2
33394 1
33394 5
33398 11
33403 7
33412 5
33414 5
33423 6
33433 8
33437 3
33438 11
33448 2
33452 4
33455 10
33457 6
33465 8
33473 6
33480 2
33485 1
33485 5
33489 11
33494 7
33503 5
33505 5
33514 6
33524 8
33528 3
33529 11
33539 2
33543 4
33546 10
33548 6
33556 8
33564 6
33571 2
33576 1
33576 5
33580 11
33585 7
33594 5
33596 5
33605 6
33615 8
33619 3
33620 11
33630 2
33634 4
33637 10
33639 6
33647 8
33655 6
33662 2
33667 1
33667 5
33671 11
33676 7
33685 5
33687 5
33696 6
33706 8
33710 3
33711 11
33721 2
33725 4
33728 10
33730 6
33738 8
33746 6
33753 2
33758 1
33758 5
33762 11
33767 7
33776 5
33778 5
33787 6
33797 8
33801 3
33802 11
33812 2
33816 4
33819 10
33821 6
33829 8
33837 6
33844 2
33849 1
33849 5
33853 11
33858 7
33867 5
33869 5
33878 6
33888 8
33892 3
33893 11
33903 2
33907 4
33910 10
33912 6
33920 8
33928 6
33935 2
33940 1
33940 5
33944 11
33949 7
33958 5
33960 5
33969 6
33979 8
33983 3
33984 11
33994 2
33998 4
34001 10
34003 6
34011 8
34019 6
34026 2
34031 1
34031 5
34035 11
34040 7
34049 5
34051 5
34060 6
34070 8
34074 3
34075 11
34085 2
34089 4
34092 10
34094 6
34102 8
34110 6
34117 2
34122 1
34122 5
34126 11
34131 7
34140 5
34142 5
34151 6
34161 8
34165 3
34166 11
34176 2
34180 4
34183 10
34185 6
34193 8
34201 6
34208 2
34213 1
34213 5
34217 11
34222 7
34231 5
34233 5
34242 6
34252 8
34256 3
34257 11
34267 2
34271 4
34274 10
34276 6
34284 8
34292 6
34299 2
34304 1
34304 5
34308 11
34313 7
34322 5
34324 5
34333 6
34343 8
34347 3
34348 11
34358 2
34362 4
34365 10
34367 6
34375 8
34383 6
34390 2
34395 1
34395 5
34399 11
34404 7
34413 5
34415 5
34424 6
34434 8
34438 3
34439 11
34449 2
34453 4
34456 10
34458 6
34466 8
34474 6
34481 2
34486 1
34486 5
34490 11
34495 7
34504 5
34506 5
34515 6
34525 8
34529 3
34530 11
34540 2
34544 4
34547 10
34549 6
34557 8
34565 6
34572 2
34577 1
34577 5
34581 11
34586 7
34595 5
34597 5
34606 6
34616 8
34620 3
34621 11
34631 2
34635 4
34638 10
34640 6
34648 8
34656 6
34663 2
34668 1
34668 5
34672 11
34677 7
34686 5
34688 5
34697 6
34707 8
34711 3
34712 11
34722 2
34726 4
34729 10
34731 6
34739 8
34747 6
34754 2
34759 1
34759 5
34763 11
34768 7
34777 5
34779 5
34788 6
34798 8
34802 3
34803 11
34813 2
34817 4
34820 10
34822 6
34830 8
34838 6
34845 2
34850 1
34850 5
34854 11
34859 7
34868 5
34870 5
34879 6
34889 8
34893 3
34894 11
34904 2
34908 4
34911 10
34913 6
34921 8
34929 6
34936 2
34941 1
34941 5
34945 11
34950 7
34959 5
34961 5
34970 6
34980 8
34984 3
34985 11
34995 2
34999 4
35002 10
35004 6
35012 8
35020 6
35027 2
35032 1
35032 5
35036 11
35041 7
35050 5
35052 5
35061 6
35071 8
35075 3
35076 11
35086 2
35090 4
35093 10
35095 6
35103 8
35111 6
35118 2
35123 1
35123 5
35127 11
35132 7
35141 5
35143 5
35152 6
35162 8
35166 3
35167 11
35177 2
35181 4
35184 10
35186 6
35194 8
35202 6
35209 2
35214 1
35214 5
35218 11
35223 7
35232 5
35234 5
35243 6
35253 8
35257 3
35258 11
35268 2
35272 4
35275 10
35277 6
35285 8
35293 6
35300 2
35305 1
35305 5
35309 11
35314 7
35323 5
35325 5
35334 6
35344 8
35348 3
35349 11
35359 2
35363 4
35366 10
35368 6
35376 8
35384 6
35391 2
35396 1
35396 5
35400 11
35405 7
35414 5
35416 5
35425 6
35435 8
35439 3
35440 11
35450 2
35454 4
35457 10
35459 6
35467 8
35475 6
35482 2
35487 1
35487 5
35491 11
35496 7
35505 5
35507 5
35516 6
35526 8
35530 3
35531 11
35541 2
35545 4
35548 10
35550 6
35558 8
35566 6
35573 2
35578 1
35578 5
35582 11
35587 7
35596 5
35598 5
35607 6
35617 8
35621 3
35622 11
35632 2
35636 4
35639 10
35641 6
35649 8
35657 6
35664 2
35669 1
35669 5
35673 11
35678 7
35687 5
35689 5
35698 6
35708 8
35712 3
35713 11
35723 2
35727 4
35730 10
35732 6
35740 8
35748 6
35755 2
35760 1
35760 5
35764 11
35769 7
35778 5
35780 5
35789 6
35799 8
35803 3
35804 11
35814 2
35818 4
35821 10
35823 6
35831 8
35839 6
35846 2
35851 1
35851 5
35855 11
35860 7
35869 5
35871 5
35880 6
35890 8
35894 3
35895 11
35905 2
35909 4
35912 10
35914 6
35922 8
35930 6
35937 2
35942 1
35942 5
35946 11
35951 7
35960 5
35962 5
35971 6
35981 8
35985 3
35986 11
35996 2
36000 4
36003 10
36005 6
36013 8
36021 6
36028 2
36033 1
36033 5
36037 11
36042 7
36051 5
36053 5
36062 6
36072 8
36076 3
36077 11
36087 2
36091 4
36094 10
36096 6
36104 8
36112 6
36119 2
36124 1
36124 5
36128 11
36133 7
36142 5
36144 5
36153 6
36163 8
36167 3
36168 11
36178 2
36182 4
36185 10
36187 6
36195 8
36203 6
36210 2
36215 1
36215 5
36219 11
36224 7
36233 5
36235 5
36244 6
36254 8
36258 3
36259 11
36269 2
36273 4
36276 10
36278 6
36286 8
36294 6
36301 2
36306 1
36306 5
36310 11
36315 7
36324 5
36326 5
36335 6
36345 8
36349 3
36350 11
36360 2
36364 4
36367 10
36369 6
36377 8
36385 6
36392 2
36397 1
36397 5
36401 11
36406 7
36415 5
36417 5
36426 6
36436 8
36440 3
36441 11
36451 2
36455 4
36458 10
36460 6
36468 8
36476 6
36483 2
36488 1
36488 5
36492 11
36497 7
36506 5
36508 5
36517 6
36527 8
36531 3
36532 11
36542 2
36546 4
36549 10
36551 6
36559 8
36567 6
36574 2
36579 1
36579 5
36583 11
36588 7
36597 5
36599 5
36608 6
36618 8
36622 3
36623 11
36633 2
36637 4
36640 10
36642 6
36650 8
36658 6
36665 2
36670 1
36670 5
36674 11
36679 7
36688 5
36690 5
36699 6
36709 8
36713 3
36714 11
36724 2
36728 4
36731 10
36733 6
36741 8
36749 6
36756 2
36761 1
36761 5
36765 11
36770 7
36779 5
36781 5
36790 6
36800 8
36804 3
36805 11
36815 2
36819 4
36822 10
36824 6
36832 8
36840 6
36847 2
36852 1
36852 5
36856 11
36861 7
36870 5
36872 5
36881 6
36891 8
36895 3
36896 11
36906 2
36910 4
36913 10
36915 6
36923 8
36931 6
36938 2
36943 1
36943 5
36947 11
36952 7
36961 5
36963 5
36972 6
36982 8
36986 3
36987 11
36997 2
37001 4
37004 10
37006 6
37014 8
37022 6
37029 2
37034 1
37034 5
37038 11
37043 7
37052 5
37054 5
37063 6
37073 8
37077 3
37078 11
37088 2
37092 4
37095 10
37097 6
37105 8
37113 6
37120 2
37125 1
37125 5
37129 11
37134 7
37143 5
37145 5
37154 6
37164 8
37168 3
37169 11
37179 2
37183 4
37186 10
37188 6
37196 8
37204 6
37211 2
37216 1
