200 29
-96533 34
-96476 45
-94030 40
-91793 19
-91678 7
-91276 19
-90977 16
-89118 44
-84276 9
-84140 2
-82088 10
-81544 28
-80397 47
-79893 25
-77599 20
-76820 19
-75479 50
-75151 11
-73479 37
-72494 2
-71776 27
-71065 12
-68296 31
-66303 14
-65996 18
-65284 45
-64770 2
-64032 1
-63559 3
-62633 3
-59221 32
-56783 29
-56656 37
-56189 21
-55202 18
-54475 21
-53389 44
-52670 41
-48899 41
-47022 17
-46665 21
-46342 39
-46175 36
-45916 21
-45301 17
-44144 13
-42919 47
-40901 28
-40561 32
-39381 11
-38324 24
-37832 47
-37621 16
-33277 44
-31126 43
-30978 19
-30769 24
-30017 39
-29869 50
-27182 50
-25415 36
-25039 13
-23825 5
-23546 19
-23245 44
-22182 39
-20890 11
-19674 37
-19135 24
-18429 35
-17234 44
-16825 30
-15577 11
-14350 28
-13390 29
-10756 28
-9999 41
-9652 49
-7507 32
-7500 35
-7088 46
-6566 43
-6446 10
-4699 35
-4075 13
-3929 50
-3916 23
-3352 24
-2940 1
-732 47
-449 32
-191 46
-140 17
1019 23
1059 11
3347 25
3541 32
4798 17
6767 50
7998 27
8047 23
10888 21
11310 11
11812 29
11889 1
12811 41
13203 4
13637 5
14170 31
14174 19
16540 37
20960 4
21381 14
21652 15
21659 24
22063 30
22373 21
23650 42
23795 49
23906 43
25037 49
27731 30
28027 22
28909 23
29289 16
31671 47
36958 36
37049 25
40090 23
41099 15
42329 32
42948 43
44955 47
45733 36
45774 8
46057 44
46876 12
47553 10
48548 14
49397 38
50144 25
51839 34
52076 38
53199 11
53343 47
55258 8
55682 23
56283 35
57594 38
58502 15
58818 49
59233 3
59602 33
60071 46
61892 45
61947 26
63345 21
65160 30
66483 19
66723 21
68276 19
68816 46
69935 30
70436 13
70898 1
71456 12
72259 34
72578 10
73587 27
74973 16
75365 41
75736 43
76618 4
78419 20
78698 17
79254 38
79797 19
81202 29
81468 14
82533 18
82552 19
83345 14
83767 47
86365 22
87315 29
87758 48
88616 33
89462 33
90264 15
91293 10
91517 43
93062 19
93410 32
93574 13
94503 41
94990 11
95319 13
96130 14
99485 49
99810 35
