1740 4
-99999 8
-87197 7
-72089 2
-43783 5
-37063 8
-32060 1
-15365 5
-3745 5
36 2
5531 4
15351 4
29209 8
42981 7
45300 7
48519 6
55879 3
66633 7
84718 3
90079 2
100001 6
100001 8
112803 7
127911 2
156217 5
162937 8
167940 1
184635 5
196255 5
200036 2
205531 4
215351 4
229209 8
242981 7
245300 7
248519 6
255879 3
266633 7
284718 3
290079 2
300001 6
300001 8
312803 7
327911 2
356217 5
362937 8
367940 1
384635 5
396255 5
400036 2
405531 4
415351 4
429209 8
442981 7
445300 7
448519 6
455879 3
466633 7
484718 3
490079 2
500001 6
500001 8
512803 7
527911 2
556217 5
562937 8
567940 1
584635 5
596255 5
600036 2
605531 4
615351 4
629209 8
642981 7
645300 7
648519 6
655879 3
666633 7
684718 3
690079 2
700001 6
700001 8
712803 7
727911 2
756217 5
762937 8
767940 1
784635 5
796255 5
800036 2
805531 4
815351 4
829209 8
842981 7
845300 7
848519 6
855879 3
866633 7
884718 3
890079 2
900001 6
900001 8
912803 7
927911 2
956217 5
962937 8
967940 1
984635 5
996255 5
1000036 2
1005531 4
1015351 4
1029209 8
1042981 7
1045300 7
1048519 6
1055879 3
1066633 7
1084718 3
1090079 2
1100001 6
1100001 8
1112803 7
1127911 2
1156217 5
1162937 8
1167940 1
1184635 5
1196255 5
1200036 2
1205531 4
1215351 4
1229209 8
1242981 7
1245300 7
1248519 6
1255879 3
1266633 7
1284718 3
1290079 2
1300001 6
1300001 8
1312803 7
1327911 2
1356217 5
1362937 8
1367940 1
1384635 5
1396255 5
1400036 2
1405531 4
1415351 4
1429209 8
1442981 7
1445300 7
1448519 6
1455879 3
1466633 7
1484718 3
1490079 2
1500001 6
1500001 8
1512803 7
1527911 2
1556217 5
1562937 8
1567940 1
1584635 5
1596255 5
1600036 2
1605531 4
1615351 4
1629209 8
1642981 7
1645300 7
1648519 6
1655879 3
1666633 7
1684718 3
1690079 2
1700001 6
1700001 8
1712803 7
1727911 2
1756217 5
1762937 8
1767940 1
1784635 5
1796255 5
1800036 2
1805531 4
1815351 4
1829209 8
1842981 7
1845300 7
1848519 6
1855879 3
1866633 7
1884718 3
1890079 2
1900001 6
1900001 8
1912803 7
1927911 2
1956217 5
1962937 8
1967940 1
1984635 5
1996255 5
2000036 2
2005531 4
2015351 4
2029209 8
2042981 7
2045300 7
2048519 6
2055879 3
2066633 7
2084718 3
2090079 2
2100001 6
2100001 8
2112803 7
2127911 2
2156217 5
2162937 8
2167940 1
2184635 5
2196255 5
2200036 2
2205531 4
2215351 4
2229209 8
2242981 7
2245300 7
2248519 6
2255879 3
2266633 7
2284718 3
2290079 2
2300001 6
2300001 8
2312803 7
2327911 2
2356217 5
2362937 8
2367940 1
2384635 5
2396255 5
2400036 2
2405531 4
2415351 4
2429209 8
2442981 7
2445300 7
2448519 6
2455879 3
2466633 7
2484718 3
2490079 2
2500001 6
2500001 8
2512803 7
2527911 2
2556217 5
2562937 8
2567940 1
2584635 5
2596255 5
2600036 2
2605531 4
2615351 4
2629209 8
2642981 7
2645300 7
2648519 6
2655879 3
2666633 7
2684718 3
2690079 2
2700001 6
2700001 8
2712803 7
2727911 2
2756217 5
2762937 8
2767940 1
2784635 5
2796255 5
2800036 2
2805531 4
2815351 4
2829209 8
2842981 7
2845300 7
2848519 6
2855879 3
2866633 7
2884718 3
2890079 2
2900001 6
2900001 8
2912803 7
2927911 2
2956217 5
2962937 8
2967940 1
2984635 5
2996255 5
3000036 2
3005531 4
3015351 4
3029209 8
3042981 7
3045300 7
3048519 6
3055879 3
3066633 7
3084718 3
3090079 2
3100001 6
3100001 8
3112803 7
3127911 2
3156217 5
3162937 8
3167940 1
3184635 5
3196255 5
3200036 2
3205531 4
3215351 4
3229209 8
3242981 7
3245300 7
3248519 6
3255879 3
3266633 7
3284718 3
3290079 2
3300001 6
3300001 8
3312803 7
3327911 2
3356217 5
3362937 8
3367940 1
3384635 5
3396255 5
3400036 2
3405531 4
3415351 4
3429209 8
3442981 7
3445300 7
3448519 6
3455879 3
3466633 7
3484718 3
3490079 2
3500001 6
3500001 8
3512803 7
3527911 2
3556217 5
3562937 8
3567940 1
3584635 5
3596255 5
3600036 2
3605531 4
3615351 4
3629209 8
3642981 7
3645300 7
3648519 6
3655879 3
3666633 7
3684718 3
3690079 2
3700001 6
3700001 8
3712803 7
3727911 2
3756217 5
3762937 8
3767940 1
3784635 5
3796255 5
3800036 2
3805531 4
3815351 4
3829209 8
3842981 7
3845300 7
3848519 6
3855879 3
3866633 7
3884718 3
3890079 2
3900001 6
3900001 8
3912803 7
3927911 2
3956217 5
3962937 8
3967940 1
3984635 5
3996255 5
4000036 2
4005531 4
4015351 4
4029209 8
4042981 7
4045300 7
4048519 6
4055879 3
4066633 7
4084718 3
4090079 2
4100001 6
4100001 8
4112803 7
4127911 2
4156217 5
4162937 8
4167940 1
4184635 5
4196255 5
4200036 2
4205531 4
4215351 4
4229209 8
4242981 7
4245300 7
4248519 6
4255879 3
4266633 7
4284718 3
4290079 2
4300001 6
4300001 8
4312803 7
4327911 2
4356217 5
4362937 8
4367940 1
4384635 5
4396255 5
4400036 2
4405531 4
4415351 4
4429209 8
4442981 7
4445300 7
4448519 6
4455879 3
4466633 7
4484718 3
4490079 2
4500001 6
4500001 8
4512803 7
4527911 2
4556217 5
4562937 8
4567940 1
4584635 5
4596255 5
4600036 2
4605531 4
4615351 4
4629209 8
4642981 7
4645300 7
4648519 6
4655879 3
4666633 7
4684718 3
4690079 2
4700001 6
4700001 8
4712803 7
4727911 2
4756217 5
4762937 8
4767940 1
4784635 5
4796255 5
4800036 2
4805531 4
4815351 4
4829209 8
4842981 7
4845300 7
4848519 6
4855879 3
4866633 7
4884718 3
4890079 2
4900001 6
4900001 8
4912803 7
4927911 2
4956217 5
4962937 8
4967940 1
4984635 5
4996255 5
5000036 2
5005531 4
5015351 4
5029209 8
5042981 7
5045300 7
5048519 6
5055879 3
5066633 7
5084718 3
5090079 2
5100001 6
5100001 8
5112803 7
5127911 2
5156217 5
5162937 8
5167940 1
5184635 5
5196255 5
5200036 2
5205531 4
5215351 4
5229209 8
5242981 7
5245300 7
5248519 6
5255879 3
5266633 7
5284718 3
5290079 2
5300001 6
5300001 8
5312803 7
5327911 2
5356217 5
5362937 8
5367940 1
5384635 5
5396255 5
5400036 2
5405531 4
5415351 4
5429209 8
5442981 7
5445300 7
5448519 6
5455879 3
5466633 7
5484718 3
5490079 2
5500001 6
5500001 8
5512803 7
5527911 2
5556217 5
5562937 8
5567940 1
5584635 5
5596255 5
5600036 2
5605531 4
5615351 4
5629209 8
5642981 7
5645300 7
5648519 6
5655879 3
5666633 7
5684718 3
5690079 2
5700001 6
5700001 8
5712803 7
5727911 2
5756217 5
5762937 8
5767940 1
5784635 5
5796255 5
5800036 2
5805531 4
5815351 4
5829209 8
5842981 7
5845300 7
5848519 6
5855879 3
5866633 7
5884718 3
5890079 2
5900001 6
5900001 8
5912803 7
5927911 2
5956217 5
5962937 8
5967940 1
5984635 5
5996255 5
6000036 2
6005531 4
6015351 4
6029209 8
6042981 7
6045300 7
6048519 6
6055879 3
6066633 7
6084718 3
6090079 2
6100001 6
6100001 8
6112803 7
6127911 2
6156217 5
6162937 8
6167940 1
6184635 5
6196255 5
6200036 2
6205531 4
6215351 4
6229209 8
6242981 7
6245300 7
6248519 6
6255879 3
6266633 7
6284718 3
6290079 2
6300001 6
6300001 8
6312803 7
6327911 2
6356217 5
6362937 8
6367940 1
6384635 5
6396255 5
6400036 2
6405531 4
6415351 4
6429209 8
6442981 7
6445300 7
6448519 6
6455879 3
6466633 7
6484718 3
6490079 2
6500001 6
6500001 8
6512803 7
6527911 2
6556217 5
6562937 8
6567940 1
6584635 5
6596255 5
6600036 2
6605531 4
6615351 4
6629209 8
6642981 7
6645300 7
6648519 6
6655879 3
6666633 7
6684718 3
6690079 2
6700001 6
6700001 8
6712803 7
6727911 2
6756217 5
6762937 8
6767940 1
6784635 5
6796255 5
6800036 2
6805531 4
6815351 4
6829209 8
6842981 7
6845300 7
6848519 6
6855879 3
6866633 7
6884718 3
6890079 2
6900001 6
6900001 8
6912803 7
6927911 2
6956217 5
6962937 8
6967940 1
6984635 5
6996255 5
7000036 2
7005531 4
7015351 4
7029209 8
7042981 7
7045300 7
7048519 6
7055879 3
7066633 7
7084718 3
7090079 2
7100001 6
7100001 8
7112803 7
7127911 2
7156217 5
7162937 8
7167940 1
7184635 5
7196255 5
7200036 2
7205531 4
7215351 4
7229209 8
7242981 7
7245300 7
7248519 6
7255879 3
7266633 7
7284718 3
7290079 2
7300001 6
7300001 8
7312803 7
7327911 2
7356217 5
7362937 8
7367940 1
7384635 5
7396255 5
7400036 2
7405531 4
7415351 4
7429209 8
7442981 7
7445300 7
7448519 6
7455879 3
7466633 7
7484718 3
7490079 2
7500001 6
7500001 8
7512803 7
7527911 2
7556217 5
7562937 8
7567940 1
7584635 5
7596255 5
7600036 2
7605531 4
7615351 4
7629209 8
7642981 7
7645300 7
7648519 6
7655879 3
7666633 7
7684718 3
7690079 2
7700001 6
7700001 8
7712803 7
7727911 2
7756217 5
7762937 8
7767940 1
7784635 5
7796255 5
7800036 2
7805531 4
7815351 4
7829209 8
7842981 7
7845300 7
7848519 6
7855879 3
7866633 7
7884718 3
7890079 2
7900001 6
7900001 8
7912803 7
7927911 2
7956217 5
7962937 8
7967940 1
7984635 5
7996255 5
8000036 2
8005531 4
8015351 4
8029209 8
8042981 7
8045300 7
8048519 6
8055879 3
8066633 7
8084718 3
8090079 2
8100001 6
8100001 8
8112803 7
8127911 2
8156217 5
8162937 8
8167940 1
8184635 5
8196255 5
8200036 2
8205531 4
8215351 4
8229209 8
8242981 7
8245300 7
8248519 6
8255879 3
8266633 7
8284718 3
8290079 2
8300001 6
8300001 8
8312803 7
8327911 2
8356217 5
8362937 8
8367940 1
8384635 5
8396255 5
8400036 2
8405531 4
8415351 4
8429209 8
8442981 7
8445300 7
8448519 6
8455879 3
8466633 7
8484718 3
8490079 2
8500001 6
8500001 8
8512803 7
8527911 2
8556217 5
8562937 8
8567940 1
8584635 5
8596255 5
8600036 2
8605531 4
8615351 4
8629209 8
8642981 7
8645300 7
8648519 6
8655879 3
8666633 7
8684718 3
8690079 2
8700001 6
8700001 8
8712803 7
8727911 2
8756217 5
8762937 8
8767940 1
8784635 5
8796255 5
8800036 2
8805531 4
8815351 4
8829209 8
8842981 7
8845300 7
8848519 6
8855879 3
8866633 7
8884718 3
8890079 2
8900001 6
8900001 8
8912803 7
8927911 2
8956217 5
8962937 8
8967940 1
8984635 5
8996255 5
9000036 2
9005531 4
9015351 4
9029209 8
9042981 7
9045300 7
9048519 6
9055879 3
9066633 7
9084718 3
9090079 2
9100001 6
9100001 8
9112803 7
9127911 2
9156217 5
9162937 8
9167940 1
9184635 5
9196255 5
9200036 2
9205531 4
9215351 4
9229209 8
9242981 7
9245300 7
9248519 6
9255879 3
9266633 7
9284718 3
9290079 2
9300001 6
9300001 8
9312803 7
9327911 2
9356217 5
9362937 8
9367940 1
9384635 5
9396255 5
9400036 2
9405531 4
9415351 4
9429209 8
9442981 7
9445300 7
9448519 6
9455879 3
9466633 7
9484718 3
9490079 2
9500001 6
9500001 8
9512803 7
9527911 2
9556217 5
9562937 8
9567940 1
9584635 5
9596255 5
9600036 2
9605531 4
9615351 4
9629209 8
9642981 7
9645300 7
9648519 6
9655879 3
9666633 7
9684718 3
9690079 2
9700001 6
9700001 8
9712803 7
9727911 2
9756217 5
9762937 8
9767940 1
9784635 5
9796255 5
9800036 2
9805531 4
9815351 4
9829209 8
9842981 7
9845300 7
9848519 6
9855879 3
9866633 7
9884718 3
9890079 2
9900001 6
9900001 8
9912803 7
9927911 2
9956217 5
9962937 8
9967940 1
9984635 5
9996255 5
10000036 2
10005531 4
10015351 4
10029209 8
10042981 7
10045300 7
10048519 6
10055879 3
10066633 7
10084718 3
10090079 2
10100001 6
10100001 8
10112803 7
10127911 2
10156217 5
10162937 8
10167940 1
10184635 5
10196255 5
10200036 2
10205531 4
10215351 4
10229209 8
10242981 7
10245300 7
10248519 6
10255879 3
10266633 7
10284718 3
10290079 2
10300001 6
10300001 8
10312803 7
10327911 2
10356217 5
10362937 8
10367940 1
10384635 5
10396255 5
10400036 2
10405531 4
10415351 4
10429209 8
10442981 7
10445300 7
10448519 6
10455879 3
10466633 7
10484718 3
10490079 2
10500001 6
10500001 8
10512803 7
10527911 2
10556217 5
10562937 8
10567940 1
10584635 5
10596255 5
10600036 2
10605531 4
10615351 4
10629209 8
10642981 7
10645300 7
10648519 6
10655879 3
10666633 7
10684718 3
10690079 2
10700001 6
10700001 8
10712803 7
10727911 2
10756217 5
10762937 8
10767940 1
10784635 5
10796255 5
10800036 2
10805531 4
10815351 4
10829209 8
10842981 7
10845300 7
10848519 6
10855879 3
10866633 7
10884718 3
10890079 2
10900001 6
10900001 8
10912803 7
10927911 2
10956217 5
10962937 8
10967940 1
10984635 5
10996255 5
11000036 2
11005531 4
11015351 4
11029209 8
11042981 7
11045300 7
11048519 6
11055879 3
11066633 7
11084718 3
11090079 2
11100001 6
11100001 8
11112803 7
11127911 2
11156217 5
11162937 8
11167940 1
11184635 5
11196255 5
11200036 2
11205531 4
11215351 4
11229209 8
11242981 7
11245300 7
11248519 6
11255879 3
11266633 7
11284718 3
11290079 2
11300001 6
11300001 8
11312803 7
11327911 2
11356217 5
11362937 8
11367940 1
11384635 5
11396255 5
11400036 2
11405531 4
11415351 4
11429209 8
11442981 7
11445300 7
11448519 6
11455879 3
11466633 7
11484718 3
11490079 2
11500001 6
11500001 8
11512803 7
11527911 2
11556217 5
11562937 8
11567940 1
11584635 5
11596255 5
11600036 2
11605531 4
11615351 4
11629209 8
11642981 7
11645300 7
11648519 6
11655879 3
11666633 7
11684718 3
11690079 2
11700001 6
11700001 8
11712803 7
11727911 2
11756217 5
11762937 8
11767940 1
11784635 5
11796255 5
11800036 2
11805531 4
11815351 4
11829209 8
11842981 7
11845300 7
11848519 6
11855879 3
11866633 7
11884718 3
11890079 2
11900001 6
11900001 8
11912803 7
11927911 2
11956217 5
11962937 8
11967940 1
11984635 5
11996255 5
12000036 2
12005531 4
12015351 4
12029209 8
12042981 7
12045300 7
12048519 6
12055879 3
12066633 7
12084718 3
12090079 2
12100001 6
12100001 8
12112803 7
12127911 2
12156217 5
12162937 8
12167940 1
12184635 5
12196255 5
12200036 2
12205531 4
12215351 4
12229209 8
12242981 7
12245300 7
12248519 6
12255879 3
12266633 7
12284718 3
12290079 2
12300001 6
12300001 8
12312803 7
12327911 2
12356217 5
12362937 8
12367940 1
12384635 5
12396255 5
12400036 2
12405531 4
12415351 4
12429209 8
12442981 7
12445300 7
12448519 6
12455879 3
12466633 7
12484718 3
12490079 2
12500001 6
12500001 8
12512803 7
12527911 2
12556217 5
12562937 8
12567940 1
12584635 5
12596255 5
12600036 2
12605531 4
12615351 4
12629209 8
12642981 7
12645300 7
12648519 6
12655879 3
12666633 7
12684718 3
12690079 2
12700001 6
12700001 8
12712803 7
12727911 2
12756217 5
12762937 8
12767940 1
12784635 5
12796255 5
12800036 2
12805531 4
12815351 4
12829209 8
12842981 7
12845300 7
12848519 6
12855879 3
12866633 7
12884718 3
12890079 2
12900001 6
12900001 8
12912803 7
12927911 2
12956217 5
12962937 8
12967940 1
12984635 5
12996255 5
13000036 2
13005531 4
13015351 4
13029209 8
13042981 7
13045300 7
13048519 6
13055879 3
13066633 7
13084718 3
13090079 2
13100001 6
13100001 8
13112803 7
13127911 2
13156217 5
13162937 8
13167940 1
13184635 5
13196255 5
13200036 2
13205531 4
13215351 4
13229209 8
13242981 7
13245300 7
13248519 6
13255879 3
13266633 7
13284718 3
13290079 2
13300001 6
13300001 8
13312803 7
13327911 2
13356217 5
13362937 8
13367940 1
13384635 5
13396255 5
13400036 2
13405531 4
13415351 4
13429209 8
13442981 7
13445300 7
13448519 6
13455879 3
13466633 7
13484718 3
13490079 2
13500001 6
13500001 8
13512803 7
13527911 2
13556217 5
13562937 8
13567940 1
13584635 5
13596255 5
13600036 2
13605531 4
13615351 4
13629209 8
13642981 7
13645300 7
13648519 6
13655879 3
13666633 7
13684718 3
13690079 2
13700001 6
13700001 8
13712803 7
13727911 2
13756217 5
13762937 8
13767940 1
13784635 5
13796255 5
13800036 2
13805531 4
13815351 4
13829209 8
13842981 7
13845300 7
13848519 6
13855879 3
13866633 7
13884718 3
13890079 2
13900001 6
13900001 8
13912803 7
13927911 2
13956217 5
13962937 8
13967940 1
13984635 5
13996255 5
14000036 2
14005531 4
14015351 4
14029209 8
14042981 7
14045300 7
14048519 6
14055879 3
14066633 7
14084718 3
14090079 2
14100001 6
14100001 8
14112803 7
14127911 2
14156217 5
14162937 8
14167940 1
14184635 5
14196255 5
14200036 2
14205531 4
14215351 4
14229209 8
14242981 7
14245300 7
14248519 6
14255879 3
14266633 7
14284718 3
14290079 2
14300001 6
14300001 8
14312803 7
14327911 2
14356217 5
14362937 8
14367940 1
14384635 5
14396255 5
14400036 2
14405531 4
14415351 4
14429209 8
14442981 7
14445300 7
14448519 6
14455879 3
14466633 7
14484718 3
14490079 2
14500001 6
14500001 8
14512803 7
14527911 2
14556217 5
14562937 8
14567940 1
14584635 5
14596255 5
14600036 2
14605531 4
14615351 4
14629209 8
14642981 7
14645300 7
14648519 6
14655879 3
14666633 7
14684718 3
14690079 2
14700001 6
14700001 8
14712803 7
14727911 2
14756217 5
14762937 8
14767940 1
14784635 5
14796255 5
14800036 2
14805531 4
14815351 4
14829209 8
14842981 7
14845300 7
14848519 6
14855879 3
14866633 7
14884718 3
14890079 2
14900001 6
14900001 8
14912803 7
14927911 2
14956217 5
14962937 8
14967940 1
14984635 5
14996255 5
15000036 2
15005531 4
15015351 4
15029209 8
15042981 7
15045300 7
15048519 6
15055879 3
15066633 7
15084718 3
15090079 2
15100001 6
15100001 8
15112803 7
15127911 2
15156217 5
15162937 8
15167940 1
15184635 5
15196255 5
15200036 2
15205531 4
15215351 4
15229209 8
15242981 7
15245300 7
15248519 6
15255879 3
15266633 7
15284718 3
15290079 2
15300001 6
15300001 8
15312803 7
15327911 2
15356217 5
15362937 8
15367940 1
15384635 5
15396255 5
15400036 2
15405531 4
15415351 4
15429209 8
15442981 7
15445300 7
15448519 6
15455879 3
15466633 7
15484718 3
15490079 2
15500001 6
15500001 8
15512803 7
15527911 2
15556217 5
15562937 8
15567940 1
15584635 5
15596255 5
15600036 2
15605531 4
15615351 4
15629209 8
15642981 7
15645300 7
15648519 6
15655879 3
15666633 7
15684718 3
15690079 2
15700001 6
15700001 8
15712803 7
15727911 2
15756217 5
15762937 8
15767940 1
15784635 5
15796255 5
15800036 2
15805531 4
15815351 4
15829209 8
15842981 7
15845300 7
15848519 6
15855879 3
15866633 7
15884718 3
15890079 2
15900001 6
15900001 8
15912803 7
15927911 2
15956217 5
15962937 8
15967940 1
15984635 5
15996255 5
16000036 2
16005531 4
16015351 4
16029209 8
16042981 7
16045300 7
16048519 6
16055879 3
16066633 7
16084718 3
16090079 2
16100001 6
16100001 8
16112803 7
16127911 2
16156217 5
16162937 8
16167940 1
16184635 5
16196255 5
16200036 2
16205531 4
16215351 4
16229209 8
16242981 7
16245300 7
16248519 6
16255879 3
16266633 7
16284718 3
16290079 2
16300001 6
16300001 8
16312803 7
16327911 2
16356217 5
16362937 8
16367940 1
16384635 5
16396255 5
16400036 2
16405531 4
16415351 4
16429209 8
16442981 7
16445300 7
16448519 6
16455879 3
16466633 7
16484718 3
16490079 2
16500001 6
16500001 8
16512803 7
16527911 2
16556217 5
16562937 8
16567940 1
16584635 5
16596255 5
16600036 2
16605531 4
16615351 4
16629209 8
16642981 7
16645300 7
16648519 6
16655879 3
16666633 7
16684718 3
16690079 2
16700001 6
16700001 8
16712803 7
16727911 2
16756217 5
16762937 8
16767940 1
16784635 5
16796255 5
16800036 2
16805531 4
16815351 4
16829209 8
16842981 7
16845300 7
16848519 6
16855879 3
16866633 7
16884718 3
16890079 2
16900001 6
16900001 8
16912803 7
16927911 2
16956217 5
16962937 8
16967940 1
16984635 5
16996255 5
17000036 2
17005531 4
17015351 4
17029209 8
17042981 7
17045300 7
17048519 6
17055879 3
17066633 7
17084718 3
17090079 2
17100001 6
17100001 8
17112803 7
17127911 2
17156217 5
17162937 8
17167940 1
17184635 5
17196255 5
17200036 2
17205531 4
17215351 4
17229209 8
17242981 7
17245300 7
17248519 6
17255879 3
17266633 7
17284718 3
17290079 2
17300001 6
