200 1000000
-100000 81
-99501 42
-99162 62
-98449 59
-96128 27
-95695 65
-94763 76
-93542 49
-91791 17
-91448 41
-91036 40
-90687 72
-90663 24
-89047 32
-87133 89
-86872 55
-85559 72
-85552 29
-84431 65
-83790 61
-79644 30
-78117 45
-77545 31
-76550 48
-76538 41
-76289 18
-75661 81
-73930 13
-71697 74
-71321 73
-70137 28
-70081 94
-69013 44
-67154 81
-67060 66
-65640 31
-63704 71
-63368 57
-63043 81
-60753 37
-58976 68
-56570 61
-54959 28
-53787 15
-50915 25
-50214 34
-50017 25
-48318 50
-48155 59
-47250 31
-47053 51
-46669 31
-44755 55
-43658 55
-43394 74
-42945 63
-42515 41
-40691 69
-39907 77
-39614 48
-38224 56
-37183 90
-36302 48
-36069 25
-36037 20
-35401 71
-34878 56
-32782 24
-32116 42
-29037 52
-25086 30
-24178 41
-21764 78
-21519 72
-21215 42
-20096 20
-18363 71
-17449 16
-15910 50
-15803 35
-14988 55
-14480 30
-14071 56
-9657 71
-7749 64
-7625 47
-6384 64
-6373 42
-6059 43
-5054 56
-4471 48
-3417 40
-1970 33
2288 75
6733 58
9021 59
9839 50
11512 20
11652 27
12741 15
13149 36
13683 82
15062 72
15570 92
19429 37
20080 26
20921 49
21289 30
23151 66
23944 48
23989 48
24502 22
28758 42
28871 18
29001 31
29149 95
29776 29
35154 29
36440 42
36586 84
37318 46
37670 23
38425 71
39364 34
40267 38
40280 96
40724 62
41230 35
41673 68
43422 39
43520 36
44168 60
46092 36
51759 74
52101 75
52248 62
52748 47
52778 28
53960 22
54121 23
54325 45
55160 58
55477 20
55770 26
57223 54
57933 25
60200 53
62138 31
63536 72
63575 83
63607 35
63914 94
64058 71
64285 49
64289 33
65011 22
65505 52
66670 39
67246 53
68007 79
68030 32
69310 15
69670 28
70062 22
70268 44
70639 31
70732 34
72630 87
73260 74
76526 79
77302 50
78637 78
78905 56
80095 87
80449 32
80725 50
81162 80
82685 59
84368 39
84594 62
85746 30
86640 55
86784 67
87450 32
88503 84
88813 39
89373 73
89881 35
90402 57
91343 51
91469 45
92094 55
92285 55
93550 58
94113 48
95661 50
96824 38
97235 61
97853 61
100000 66
