1044 3
-34 5
-31 4
-17 8
-12 16
-2 16
5 12
11 2
14 13
26 5
29 11
31 4
33 3
33 5
36 4
50 8
55 16
65 16
72 12
78 2
81 13
93 5
96 11
98 4
100 3
100 5
103 4
117 8
122 16
132 16
139 12
145 2
148 13
160 5
163 11
165 4
167 3
167 5
170 4
184 8
189 16
199 16
206 12
212 2
215 13
227 5
230 11
232 4
234 3
234 5
237 4
251 8
256 16
266 16
273 12
279 2
282 13
294 5
297 11
299 4
301 3
301 5
304 4
318 8
323 16
333 16
340 12
346 2
349 13
361 5
364 11
366 4
368 3
368 5
371 4
385 8
390 16
400 16
407 12
413 2
416 13
428 5
431 11
433 4
435 3
435 5
438 4
452 8
457 16
467 16
474 12
480 2
483 13
495 5
498 11
500 4
502 3
502 5
505 4
519 8
524 16
534 16
541 12
547 2
550 13
562 5
565 11
567 4
569 3
569 5
572 4
586 8
591 16
601 16
608 12
614 2
617 13
629 5
632 11
634 4
636 3
636 5
639 4
653 8
658 16
668 16
675 12
681 2
684 13
696 5
699 11
701 4
703 3
703 5
706 4
720 8
725 16
735 16
742 12
748 2
751 13
763 5
766 11
768 4
770 3
770 5
773 4
787 8
792 16
802 16
809 12
815 2
818 13
830 5
833 11
835 4
837 3
837 5
840 4
854 8
859 16
869 16
876 12
882 2
885 13
897 5
900 11
902 4
904 3
904 5
907 4
921 8
926 16
936 16
943 12
949 2
952 13
964 5
967 11
969 4
971 3
971 5
974 4
988 8
993 16
1003 16
1010 12
1016 2
1019 13
1031 5
1034 11
1036 4
1038 3
1038 5
1041 4
1055 8
1060 16
1070 16
1077 12
1083 2
1086 13
1098 5
1101 11
1103 4
1105 3
1105 5
1108 4
1122 8
1127 16
1137 16
1144 12
1150 2
1153 13
1165 5
1168 11
1170 4
1172 3
1172 5
1175 4
1189 8
1194 16
1204 16
1211 12
1217 2
1220 13
1232 5
1235 11
1237 4
1239 3
1239 5
1242 4
1256 8
1261 16
1271 16
1278 12
1284 2
1287 13
1299 5
1302 11
1304 4
1306 3
1306 5
1309 4
1323 8
1328 16
1338 16
1345 12
1351 2
1354 13
1366 5
1369 11
1371 4
1373 3
1373 5
1376 4
1390 8
1395 16
1405 16
1412 12
1418 2
1421 13
1433 5
1436 11
1438 4
1440 3
1440 5
1443 4
1457 8
1462 16
1472 16
1479 12
1485 2
1488 13
1500 5
1503 11
1505 4
1507 3
1507 5
1510 4
1524 8
1529 16
1539 16
1546 12
1552 2
1555 13
1567 5
1570 11
1572 4
1574 3
1574 5
1577 4
1591 8
1596 16
1606 16
1613 12
1619 2
1622 13
1634 5
1637 11
1639 4
1641 3
1641 5
1644 4
1658 8
1663 16
1673 16
1680 12
1686 2
1689 13
1701 5
1704 11
1706 4
1708 3
1708 5
1711 4
1725 8
1730 16
1740 16
1747 12
1753 2
1756 13
1768 5
1771 11
1773 4
1775 3
1775 5
1778 4
1792 8
1797 16
1807 16
1814 12
1820 2
1823 13
1835 5
1838 11
1840 4
1842 3
1842 5
1845 4
1859 8
1864 16
1874 16
1881 12
1887 2
1890 13
1902 5
1905 11
1907 4
1909 3
1909 5
1912 4
1926 8
1931 16
1941 16
1948 12
1954 2
1957 13
1969 5
1972 11
1974 4
1976 3
1976 5
1979 4
1993 8
1998 16
2008 16
2015 12
2021 2
2024 13
2036 5
2039 11
2041 4
2043 3
2043 5
2046 4
2060 8
2065 16
2075 16
2082 12
2088 2
2091 13
2103 5
2106 11
2108 4
2110 3
2110 5
2113 4
2127 8
2132 16
2142 16
2149 12
2155 2
2158 13
2170 5
2173 11
2175 4
2177 3
2177 5
2180 4
2194 8
2199 16
2209 16
2216 12
2222 2
2225 13
2237 5
2240 11
2242 4
2244 3
2244 5
2247 4
2261 8
2266 16
2276 16
2283 12
2289 2
2292 13
2304 5
2307 11
2309 4
2311 3
2311 5
2314 4
2328 8
2333 16
2343 16
2350 12
2356 2
2359 13
2371 5
2374 11
2376 4
2378 3
2378 5
2381 4
2395 8
2400 16
2410 16
2417 12
2423 2
2426 13
2438 5
2441 11
2443 4
2445 3
2445 5
2448 4
2462 8
2467 16
2477 16
2484 12
2490 2
2493 13
2505 5
2508 11
2510 4
2512 3
2512 5
2515 4
2529 8
2534 16
2544 16
2551 12
2557 2
2560 13
2572 5
2575 11
2577 4
2579 3
2579 5
2582 4
2596 8
2601 16
2611 16
2618 12
2624 2
2627 13
2639 5
2642 11
2644 4
2646 3
2646 5
2649 4
2663 8
2668 16
2678 16
2685 12
2691 2
2694 13
2706 5
2709 11
2711 4
2713 3
2713 5
2716 4
2730 8
2735 16
2745 16
2752 12
2758 2
2761 13
2773 5
2776 11
2778 4
2780 3
2780 5
2783 4
2797 8
2802 16
2812 16
2819 12
2825 2
2828 13
2840 5
2843 11
2845 4
2847 3
2847 5
2850 4
2864 8
2869 16
2879 16
2886 12
2892 2
2895 13
2907 5
2910 11
2912 4
2914 3
2914 5
2917 4
2931 8
2936 16
2946 16
2953 12
2959 2
2962 13
2974 5
2977 11
2979 4
2981 3
2981 5
2984 4
2998 8
3003 16
3013 16
3020 12
3026 2
3029 13
3041 5
3044 11
3046 4
3048 3
3048 5
3051 4
3065 8
3070 16
3080 16
3087 12
3093 2
3096 13
3108 5
3111 11
3113 4
3115 3
3115 5
3118 4
3132 8
3137 16
3147 16
3154 12
3160 2
3163 13
3175 5
3178 11
3180 4
3182 3
3182 5
3185 4
3199 8
3204 16
3214 16
3221 12
3227 2
3230 13
3242 5
3245 11
3247 4
3249 3
3249 5
3252 4
3266 8
3271 16
3281 16
3288 12
3294 2
3297 13
3309 5
3312 11
3314 4
3316 3
3316 5
3319 4
3333 8
3338 16
3348 16
3355 12
3361 2
3364 13
3376 5
3379 11
3381 4
3383 3
3383 5
3386 4
3400 8
3405 16
3415 16
3422 12
3428 2
3431 13
3443 5
3446 11
3448 4
3450 3
3450 5
3453 4
3467 8
3472 16
3482 16
3489 12
3495 2
3498 13
3510 5
3513 11
3515 4
3517 3
3517 5
3520 4
3534 8
3539 16
3549 16
3556 12
3562 2
3565 13
3577 5
3580 11
3582 4
3584 3
3584 5
3587 4
3601 8
3606 16
3616 16
3623 12
3629 2
3632 13
3644 5
3647 11
3649 4
3651 3
3651 5
3654 4
3668 8
3673 16
3683 16
3690 12
3696 2
3699 13
3711 5
3714 11
3716 4
3718 3
3718 5
3721 4
3735 8
3740 16
3750 16
3757 12
3763 2
3766 13
3778 5
3781 11
3783 4
3785 3
3785 5
3788 4
3802 8
3807 16
3817 16
3824 12
3830 2
3833 13
3845 5
3848 11
3850 4
3852 3
3852 5
3855 4
3869 8
3874 16
3884 16
3891 12
3897 2
3900 13
3912 5
3915 11
3917 4
3919 3
3919 5
3922 4
3936 8
3941 16
3951 16
3958 12
3964 2
3967 13
3979 5
3982 11
3984 4
3986 3
3986 5
3989 4
4003 8
4008 16
4018 16
4025 12
4031 2
4034 13
4046 5
4049 11
4051 4
4053 3
4053 5
4056 4
4070 8
4075 16
4085 16
4092 12
4098 2
4101 13
4113 5
4116 11
4118 4
4120 3
4120 5
4123 4
4137 8
4142 16
4152 16
4159 12
4165 2
4168 13
4180 5
4183 11
4185 4
4187 3
4187 5
4190 4
4204 8
4209 16
4219 16
4226 12
4232 2
4235 13
4247 5
4250 11
4252 4
4254 3
4254 5
4257 4
4271 8
4276 16
4286 16
4293 12
4299 2
4302 13
4314 5
4317 11
4319 4
4321 3
4321 5
4324 4
4338 8
4343 16
4353 16
4360 12
4366 2
4369 13
4381 5
4384 11
4386 4
4388 3
4388 5
4391 4
4405 8
4410 16
4420 16
4427 12
4433 2
4436 13
4448 5
4451 11
4453 4
4455 3
4455 5
4458 4
4472 8
4477 16
4487 16
4494 12
4500 2
4503 13
4515 5
4518 11
4520 4
4522 3
4522 5
4525 4
4539 8
4544 16
4554 16
4561 12
4567 2
4570 13
4582 5
4585 11
4587 4
4589 3
4589 5
4592 4
4606 8
4611 16
4621 16
4628 12
4634 2
4637 13
4649 5
4652 11
4654 4
4656 3
4656 5
4659 4
4673 8
4678 16
4688 16
4695 12
4701 2
4704 13
4716 5
4719 11
4721 4
4723 3
4723 5
4726 4
4740 8
4745 16
4755 16
4762 12
4768 2
4771 13
4783 5
4786 11
4788 4
4790 3
4790 5
4793 4
4807 8
4812 16
4822 16
4829 12
4835 2
4838 13
4850 5
4853 11
4855 4
4857 3
4857 5
4860 4
4874 8
4879 16
4889 16
4896 12
4902 2
4905 13
4917 5
4920 11
4922 4
4924 3
4924 5
4927 4
4941 8
4946 16
4956 16
4963 12
4969 2
4972 13
4984 5
4987 11
4989 4
4991 3
4991 5
4994 4
5008 8
5013 16
5023 16
5030 12
5036 2
5039 13
5051 5
5054 11
5056 4
5058 3
5058 5
5061 4
5075 8
5080 16
5090 16
5097 12
5103 2
5106 13
5118 5
5121 11
5123 4
5125 3
5125 5
5128 4
5142 8
5147 16
5157 16
5164 12
5170 2
5173 13
5185 5
5188 11
5190 4
5192 3
5192 5
5195 4
5209 8
5214 16
5224 16
5231 12
5237 2
5240 13
5252 5
5255 11
5257 4
5259 3
5259 5
5262 4
5276 8
5281 16
5291 16
5298 12
5304 2
5307 13
5319 5
5322 11
5324 4
5326 3
5326 5
5329 4
5343 8
5348 16
5358 16
5365 12
5371 2
5374 13
5386 5
5389 11
5391 4
5393 3
5393 5
5396 4
5410 8
5415 16
5425 16
5432 12
5438 2
5441 13
5453 5
5456 11
5458 4
5460 3
5460 5
5463 4
5477 8
5482 16
5492 16
5499 12
5505 2
5508 13
5520 5
5523 11
5525 4
5527 3
5527 5
5530 4
5544 8
5549 16
5559 16
5566 12
5572 2
5575 13
5587 5
5590 11
5592 4
5594 3
5594 5
5597 4
5611 8
5616 16
5626 16
5633 12
5639 2
5642 13
5654 5
5657 11
5659 4
5661 3
5661 5
5664 4
5678 8
5683 16
5693 16
5700 12
5706 2
5709 13
5721 5
5724 11
5726 4
5728 3
5728 5
5731 4
5745 8
5750 16
5760 16
5767 12
5773 2
5776 13
5788 5
5791 11
5793 4
5795 3
