500
25129
19631
14545
28108
27220
9938
19434
24149
28680
17432
6375
3388
15726
7439
13537
23440
7740
7230
24764
4955
6094
1381
2017
7551
12929
25384
2023
22874
29334
18882
3942
13123
1381
6013
21777
15612
801
29036
18690
21464
5524
18205
14161
20589
3044
17633
17489
7967
3955
7542
748
12596
23833
17227
15257
11252
26647
15870
16084
4109
8279
10064
21466
14529
23054
25662
17522
14121
8643
24914
23519
29752
5322
2061
26683
15472
22821
27430
25234
15176
28656
29326
5122
29119
19897
16498
4069
21394
24343
20246
16386
14966
14192
14204
2734
12959
24196
1641
16936
9854
11310
18943
16094
13971
9339
13213
9435
20037
14601
7400
7260
27840
13627
3793
26503
28016
15069
19206
9700
5263
7591
9784
8601
10662
134
14921
4203
5926
13548
26772
4587
26249
2493
25430
20337
1510
6835
16395
268
19981
8960
19998
10522
23162
27414
17240
5590
2879
22502
2093
1917
24854
1426
23392
7068
3960
9686
23491
5423
13152
1130
10054
24824
5178
8003
15685
14630
4584
3019
16646
19061
26112
26533
18894
7268
23964
28192
21275
3059
4604
12351
2591
14554
10987
3209
25970
11355
25848
16586
24573
27761
14383
12989
22681
4067
26622
19962
6324
19846
21346
17836
3285
18596
18793
23916
21612
9560
23839
29371
2621
26713
22220
26629
12731
27367
13474
27543
5558
3589
18930
14804
14807
12414
7783
22210
17202
3571
9371
24462
13440
5812
646
14001
8911
11200
2111
29893
934
4679
27372
16844
11993
10866
28448
807
27269
20575
8650
10301
13913
21344
5520
3262
7899
9897
22594
17013
15721
3192
16464
23097
8306
29573
13748
3431
10983
26285
4940
14427
26287
4566
10193
20222
25525
4817
16189
7390
12528
2654
5902
8006
3447
19482
13295
16606
22292
19717
17694
25611
9791
14516
1288
4730
5430
13740
4067
20008
29512
12804
4943
21388
7958
20919
1611
14105
9176
6972
3516
8412
21860
1623
5112
20946
25879
9485
3958
7907
14403
11520
3688
18163
7033
22098
3849
18725
6661
16937
18889
27585
20850
23809
13432
17538
4513
27224
16880
17856
8505
29958
10049
14234
8790
15899
4717
11962
16571
1424
16649
4264
23916
19963
17190
27753
1725
10622
27530
1308
22838
25520
28997
7339
3817
5862
4808
27844
757
20356
17343
16777
9681
10522
5708
13822
13499
15252
12943
14244
25524
8588
895
25352
21349
8247
27563
15420
10517
24889
15794
5049
29460
19505
17722
9866
9221
13732
264
24810
20118
6343
24191
21586
23020
8605
4025
24330
3559
4221
8415
15908
20358
4128
22581
3660
13713
17610
22228
17434
11587
16296
22183
9453
11360
6595
25745
3898
25603
880
12024
14787
16004
22718
26306
2104
23479
14851
2353
5873
16852
4585
25319
180
26504
13195
8337
29655
26857
11238
5532
10227
27423
14346
26089
5846
16826
19330
9825
11597
28435
11830
15815
16916
20830
5687
14966
15243
9004
29884
13156
7666
25846
5122
11873
23810
16355
28351
29407
8340
14284
21398
29316
23483
29355
18598
12655
14709
5080
13312
7269
10302
27204
4926
7926
21295
20948
18746
9000
4696
14546
17158
7725
