2500
23157
27923
15419
16347
13519
5175
20864
26567
90
23333
25414
7636
14268
28699
13935
19678
21958
8267
5238
27412
23086
22853
3645
23485
2521
21048
19905
268
19339
20232
24209
28622
29556
7192
7017
1694
2075
342
23353
7390
11657
788
7794
12626
18437
25883
3948
3482
8212
29959
4927
27404
245
19380
4999
11478
25758
8660
20204
5273
7891
11246
14912
21967
24015
28363
28068
7034
1594
19830
25983
5344
28445
22865
27368
21238
13861
28656
18903
7408
23930
12649
12959
24747
17206
2853
27175
5004
16743
677
17831
3770
12056
17446
2917
3971
19533
8049
14572
21338
13567
11870
20590
5336
29364
10701
13101
10527
23118
27903
25996
1828
15842
27451
28044
6264
1141
29329
3222
17327
9798
4104
25117
159
6629
23621
2006
7887
10047
23124
559
2193
9004
21438
15483
22575
26288
18759
21185
28993
4274
304
4739
20286
4519
15886
11029
5533
24606
22994
8513
23209
10307
23144
17887
7083
3764
16394
2386
25247
25504
8073
367
24578
12444
19032
25699
18988
5966
5377
14036
54
20783
3216
27417
7333
16582
5072
28095
16473
5360
5920
21004
5697
12177
20332
15409
23787
20159
25228
15737
9361
4877
17169
17423
751
21960
22494
5867
12209
23474
22453
26414
10509
12589
1380
19151
5229
16019
21983
24778
26853
3937
25372
2918
2753
5028
9671
18092
28283
20374
1672
19177
317
17284
11062
23791
8291
28087
13736
3795
12207
17052
25398
28731
1074
26154
17971
21050
4378
4386
10525
2827
1267
9283
26725
933
6390
10424
8028
10538
9191
27409
12441
28891
5561
9999
7999
1287
20103
13313
7522
29414
16315
15929
9037
4044
3370
27289
7811
29387
21098
26995
8554
17107
15581
9276
6904
16062
29901
5748
19178
22502
4685
18001
20392
29363
23894
11762
7386
26572
18729
8238
17621
25891
29638
10179
9114
22793
243
12257
16826
3891
26271
27724
22092
15856
7364
10672
13951
8822
12618
13977
21784
12887
17808
2464
11268
8922
7908
23804
2856
15815
13349
5251
27902
17264
28852
13026
16869
10778
10153
13718
25553
5916
27244
15584
6237
28414
26847
4350
19734
3779
25327
14328
875
8354
28589
18779
2915
6865
19351
26196
15999
18099
27157
5805
4672
28539
11716
8656
22839
3433
17634
927
29150
2295
17318
6142
14524
4336
12922
8548
15755
7664
12946
13556
12655
2861
9087
3055
18131
12829
19754
7599
27587
3739
12075
20839
6492
21963
13399
14604
29965
23108
21978
4710
16501
14025
14138
20930
12898
26920
7576
8831
20219
13590
18836
24798
9357
5170
22329
10368
7149
13552
26597
26539
13807
28857
23755
25498
15374
19502
19451
7139
20141
13524
27701
14381
27133
22002
27597
10735
12209
13761
19598
15082
21199
19445
15917
13685
1553
10923
2396
22693
6358
26915
706
2459
28627
13036
26507
4829
4654
13461
29134
17044
14938
18911
27359
6299
18337
19265
22094
21371
22895
6990
26124
279
28171
10332
19964
2334
17599
3477
10970
7316
20099
17698
25377
25166
28840
9082
5545
4016
1486
11473
29971
26976
15137
1605
26353
16511
25051
14542
6931
16970
11668
7954
29131
5504
8453
4128
16841
10355
6274
2388
20033
17477
10497
6260
6676
200
8024
9697
18020
5765
12293
27924
7338
5544
29578
7683
7568
14044
10938
25384
10791
18687
17207
6433
11775
15998
19051
28015
10550
22480
18374
24766
26613
20879
8440
18521
24372
11574
17893
1372
27681
4858
14060
15492
18327
1330
22968
23136
22847
28410
16711
11641
11754
22079
4397
13705
29643
14427
9186
26698
15076
2464
22796
19839
29094
3838
5263
5050
13613
8463
258
23108
29899
27728
26741
17234
27731
11932
28105
11530
8693
7437
9969
23990
16088
2478
20224
29366
15667
19300
29371
27806
23413
22280
22896
14016
8169
19024
13280
26275
12812
6651
22611
17560
10763
4561
4835
2702
16378
24953
9773
27336
11496
22127
7429
12286
16243
19077
7104
8441
2257
12737
14808
5602
25050
4494
18998
7864
29262
6102
16835
2129
19036
8302
14195
27991
22937
8333
21618
17740
28994
9356
28367
16802
705
12442
14542
12403
18180
14014
3128
26532
27580
3607
28683
23133
15426
2884
27787
10927
14719
16043
14709
20664
14721
1690
22746
4551
19569
28341
11615
22633
6687
4139
22262
6147
7660
8553
14823
11963
13169
13606
21513
1844
17121
5880
24188
22174
25309
8014
33
6441
15012
26733
25689
15510
9736
29615
5722
28912
23746
13590
23852
9279
22456
21415
2418
3013
5433
28330
808
23272
18204
15402
9515
8477
25891
15896
29965
18225
11276
23850
20520
13346
19412
15037
5996
18508
23581
20308
6873
16336
25179
22578
6975
25552
18606
7405
19204
26807
28627
27155
23369
10887
25928
18718
6869
7739
8337
21156
18701
15058
25546
487
16682
18542
23124
15085
11987
11071
21637
21612
1443
4808
28033
24696
29048
15500
27522
11139
23482
28657
1203
20014
6109
28871
11706
7727
14888
23534
13595
24145
447
24156
15160
10007
20167
13889
25058
5778
11577
5166
24449
370
6804
18603
10044
18735
29940
28496
23764
24540
2884
13692
29645
9133
14189
11348
21455
15433
24301
27441
23473
13970
27526
7854
21046
19032
2361
26476
555
1593
9614
20563
14254
24615
17548
16885
4759
5855
7297
24018
189
25004
14319
2404
20276
1638
20606
28827
27858
5752
27012
25051
29900
1114
4862
24141
5780
5182
8636
19091
19942
29987
13404
26180
26142
17529
12215
17706
18284
15253
9355
26708
24784
26799
26813
20835
23272
8380
4106
8922
24474
10643
16420
28610
20997
8278
4655
22771
11061
811
22655
11866
10407
29024
24098
116
108
27457
4794
28287
3908
89
5616
11281
20674
1286
16741
8648
10578
23359
1561
10654
6176
22934
10516
13594
24737
25358
21679
17681
8815
9476
823
25742
595
2729
13726
24888
13526
14533
29241
28685
8550
12106
24942
24409
14322
25256
20095
20138
3894
1902
1343
26312
8193
10441
8689
21484
21150
2745
20879
14187
6672
13673
3107
29444
16435
21538
19865
9574
21784
13696
18123
29695
19190
14587
14266
21935
26980
19666
7758
11327
16120
374
5648
18477
27935
28689
13411
15411
1278
11891
29345
27499
17261
12766
15346
19310
17743
15198
23091
22121
22100
11656
12689
8599
1674
8081
9215
3036
11127
27452
29131
21349
16206
26571
20218
23943
25161
13677
18739
14142
5427
1417
24478
8658
2260
20418
25466
28018
229
21805
6414
5053
15670
11585
27366
13802
10956
14673
21020
5773
29613
11607
26037
6276
29999
16818
14278
3706
17196
29870
29355
16130
10962
2672
824
10648
14173
3190
18997
25907
6960
5246
4170
5966
14482
4230
2797
19234
7273
24134
12710
19310
6114
23543
8382
1383
11293
4465
10738
6177
18058
3170
4264
8173
12800
29447
4110
795
5408
13623
8449
798
5131
20403
20871
17011
1878
11607
14642
29746
1850
29228
10757
8642
6983
8666
2838
15111
10929
9887
23804
27364
6631
18623
2891
35
26093
21244
5246
22182
6637
8305
11783
18588
19901
28088
14634
18059
7855
3955
15011
27457
15344
19583
11261
22472
27507
15840
6158
4257
1068
19886
24482
12258
23345
20022
26771
21105
27799
11067
4487
15212
11471
21267
23818
27073
24426
20904
28455
9141
22710
3961
26292
13796
13293
7579
4523
7084
8256
4186
5565
6413
10447
22294
10968
11919
9905
21605
15923
27555
12384
29692
3773
4820
27047
15894
490
26287
28098
13265
1434
22844
1381
17083
22260
22304
24980
8230
14159
22102
27240
7841
4905
9980
21588
16475
27677
135
19780
17905
3664
12401
8169
26160
24907
23888
13376
22726
28938
27044
9544
9401
13640
26339
11124
13970
12421
28977
24493
9223
1642
22149
1417
23706
19196
7579
17512
11630
14389
6848
17784
17222
22683
22641
27741
9673
29856
14813
23536
12222
15340
13338
21817
18614
436
9559
16160
3011
16312
14126
27145
3001
14186
12028
16335
18904
6674
8796
17339
18925
10270
11463
13605
26364
24008
29172
22762
21581
10264
15634
8713
13736
27255
18917
14826
23236
8379
27585
1253
18723
23112
10521
15791
14428
15313
8654
4815
27910
20655
25087
21137
19435
26072
29193
15833
6904
26647
26463
28204
4835
26732
15481
2957
29129
27879
18727
17601
13323
27761
4678
5016
11576
24345
10275
14933
5502
28281
9954
19667
8245
4622
15267
8663
5429
9871
2527
22469
20512
10840
26750
8310
1555
29382
6954
9971
18865
9176
13863
29236
14088
10202
25483
23290
3727
23220
17567
25954
17853
21484
744
19656
17232
25854
22568
25285
24550
16835
23829
17904
2341
27928
9944
5818
15681
17006
29676
5535
4347
29942
8502
9818
3658
2643
25643
5198
6958
17337
209
28153
10582
25494
4392
3264
17517
10661
24039
7154
27399
13388
22380
8688
20474
11266
18741
29399
20537
28796
22361
20848
4583
7304
13596
1252
17736
8234
28301
16173
4362
8217
2334
26327
9790
28585
17938
16612
1862
8942
14397
5294
21669
21135
16839
23323
236
27976
29461
22890
2215
2034
1500
8712
18364
9202
18567
26999
1015
17749
27086
22153
20269
23517
12692
19819
12452
15602
12693
762
19286
22793
2553
16133
3841
161
3240
24946
5042
4138
7330
15235
21847
22907
15634
23178
14380
5712
3125
24026
6486
11735
28980
16803
13188
14359
12106
24465
18623
1699
15126
19242
25309
28719
4090
2442
20634
2607
14041
834
28040
23895
13114
27184
20641
8411
26933
19294
4459
5736
23684
10962
18774
29985
8487
29791
15234
4660
11775
4448
12162
10708
330
10985
783
5842
28806
29310
24935
29465
25768
24312
701
18241
29703
11222
20988
279
16452
1687
18967
19835
10556
20414
19255
4364
16024
12615
18698
19967
20558
2347
1147
20137
28068
4699
26107
17602
17109
10478
14832
9641
20047
20353
10095
17955
25778
23462
13493
10778
25566
19115
27569
18895
619
19114
7049
27590
9961
899
9392
8587
29732
24490
18486
9412
14904
10856
10914
5311
25669
6769
4968
4302
28621
7056
17078
1804
7236
19429
23313
28109
6090
18970
14988
20721
3339
14212
13802
3565
18238
1747
14729
24965
3686
28177
13051
10405
27221
26491
13069
24005
15977
2209
20922
19544
16895
3601
5578
25468
5653
11504
6506
28270
9952
24107
5342
7122
2361
7075
10346
3072
22793
8105
22395
10446
22397
15540
464
25410
19414
4024
11635
27776
4748
26798
8876
27895
6543
8401
16753
21047
4874
24574
27262
29481
7946
14592
10845
22930
1832
4803
1141
2907
14511
22725
4546
11030
5839
25633
3764
28778
29300
1689
27454
4940
16590
12681
17279
970
12656
13722
14125
21664
20313
418
27022
2233
3761
7641
23663
26330
27279
11879
11067
23891
29402
5559
569
7465
1052
22003
27130
5702
27862
27942
11152
4954
12655
10485
23833
22278
6974
9211
9065
2667
5751
20536
26109
28868
27246
12214
13075
27575
6304
13080
13631
9399
26249
20309
8218
25044
16341
14008
22432
28439
1459
24164
21197
19763
10729
904
16416
25998
12728
8333
19628
2553
16401
2555
14748
18415
14117
10929
3523
22319
18860
23786
24667
4014
18501
23368
14599
7093
6393
23660
29352
24191
2563
10109
297
21505
21951
14584
5137
3848
25436
14377
8386
29200
14569
25429
697
2793
26974
26210
14827
6751
27469
22987
18922
19811
1863
3422
29029
10435
579
28929
27581
1202
24152
10004
17558
16713
14247
2683
622
29725
25281
29666
6943
21967
25808
7937
17896
12453
16439
14561
21847
12234
9746
22135
15868
2941
5966
28759
27956
14544
17369
19262
18236
22839
29130
15783
21201
3930
2008
13519
26777
5975
26582
1836
5767
6049
2564
24021
18392
16721
27699
24966
19138
14967
27018
25347
24966
2737
2900
10308
13641
27140
7731
27561
12215
23634
2457
5731
9877
21950
10924
23130
16057
19954
8507
23366
16690
18308
26937
5431
17986
8615
28443
8934
11675
17345
493
1230
10083
22324
1451
28898
14476
28149
21199
4827
28173
8605
9861
29497
11997
13996
11074
4348
18428
29592
20923
1660
5143
13902
20160
2022
7449
398
21349
6320
24366
8095
20892
28556
809
2422
1714
25543
13897
25791
29619
27012
23840
12374
18092
18416
11639
26149
15763
923
2996
20612
566
24826
22146
9361
5555
17847
6518
4564
27864
1495
19602
11113
17260
424
20528
24465
23128
13816
10334
5668
20721
27845
14319
25044
18750
13990
22320
24219
13486
26701
201
28194
4612
25382
6318
19659
9869
10566
27927
23281
16118
5009
24333
24483
20280
25817
9020
7849
18437
29172
27755
21910
24384
20067
9691
2076
29355
549
26913
9171
18235
27358
2228
7262
17221
26640
13368
374
15046
10173
29067
6249
28791
17765
4732
21702
89
17658
20043
25528
3454
1478
25270
8129
12599
11969
12117
2014
14148
4024
7708
1807
8967
28974
25128
11051
25379
5337
9275
25890
26764
5154
29901
14453
2660
7427
4796
29836
27770
23972
13539
8102
20437
6553
8084
16501
18955
17180
9627
806
22595
9251
15092
25838
820
20035
17041
17889
7783
13288
15481
11072
5414
1289
14185
15997
14428
27010
5021
16695
26869
1426
22735
17233
29348
3254
16982
27940
28604
3679
14736
25016
1179
16962
993
10431
22129
18404
23919
28388
25497
27131
29051
29110
24746
28429
3859
21105
7524
16418
5630
5227
29540
12640
9002
19959
6462
28135
1969
26256
9866
29923
11227
9073
23049
7992
20671
222
5939
3168
14641
15000
10502
29487
7912
13000
29129
12434
22756
3695
9312
15911
941
27751
20857
19377
4601
16357
4284
18844
12343
22969
24268
865
7959
12622
26413
21746
25191
6279
27388
21168
22755
26867
7698
6782
19559
5949
14081
6987
709
20166
14322
8736
15116
9779
16091
29767
18755
11464
3469
26257
25444
23630
10847
17838
12191
2415
28209
7654
18322
14173
21131
5002
21534
25972
28689
12794
24001
6898
19575
7999
12888
19829
12586
21265
4797
19099
9461
29161
6035
29632
23797
22133
26198
20973
13830
16669
16352
15749
29371
24818
795
473
8856
24798
7764
9312
19601
10318
9962
27838
14118
18689
25435
10787
13424
11916
8439
646
2133
24542
6254
23492
15047
2772
20050
22630
23124
17429
4500
2859
12433
12276
9973
4515
25911
28447
4623
13014
8572
21131
29328
21498
652
22064
6445
5307
13576
19724
4391
27898
7330
9250
2109
22685
28337
16639
14157
2262
7338
4573
25954
28741
24007
9391
14724
2620
1718
24595
10340
19948
5018
18605
7462
17978
20808
27063
11091
13069
22439
24964
2028
19695
17984
20270
16709
20032
13580
25592
19796
4990
19691
12763
7542
19413
6914
13792
29905
20059
5005
15398
13486
23273
28660
16419
12797
15851
5495
12906
23324
1987
25080
13611
23814
9213
3972
29438
11878
7110
25647
14263
25526
27920
9093
19545
27848
13386
6211
19946
21983
27167
8812
10295
21506
10732
11853
17368
19488
15680
29554
494
16067
18798
15312
13154
26000
13304
28463
28533
20173
17043
3547
16145
22000
17376
15080
2893
24801
28866
5476
1768
12367
1863
22366
12809
13935
26969
9003
3461
29796
1553
11103
17151
3717
16706
2379
12071
10522
7879
1593
15930
10763
186
28063
753
22765
7674
491
23224
3534
22067
25202
26325
24266
10441
27235
27881
16560
26645
25726
5755
22022
10494
12315
15662
22829
3013
1185
26418
10894
9095
12208
15350
14733
7749
6324
1724
2560
7307
4773
13499
17187
780
7281
2025
19452
9199
28040
21839
11399
7543
11705
12728
22601
3824
11664
14790
10130
10163
4991
24672
24878
5507
24916
9893
15234
20271
21688
24139
3710
19380
7858
7545
16852
13409
27760
12689
22367
2989
20638
27379
19367
29486
13936
6010
25544
16804
24424
4133
16060
21788
28613
15496
5222
10495
14837
7112
4671
4881
8331
24692
320
7155
24155
20902
