350
19239
7974
10104
22125
7038
13438
10875
4316
1602
28550
17300
28100
13159
18083
540
408
18082
10019
9639
10644
1685
17
26626
20619
12165
6132
13280
26485
9656
3995
2180
25246
15521
16159
1166
26918
25074
16752
10140
23552
21141
5989
21075
22278
1417
8245
25464
13763
13178
12773
26531
10507
8238
29106
4704
14953
6125
18031
16581
13680
29056
6237
24253
15273
26909
28211
5977
16754
3712
8858
28636
9237
6226
7787
14411
2628
16191
26055
24598
4040
21453
25471
27253
9755
29341
8624
6999
18472
16049
9090
28041
20880
24380
23360
11635
3892
17268
9566
17662
13381
8976
10349
24789
16889
12356
26226
22733
9017
20346
29272
6847
17478
249
4722
21877
29354
28360
21642
3232
21595
15064
8444
5267
13545
9564
27348
1381
22698
11007
19595
25452
4750
25901
1790
12656
5095
3465
22041
22912
74
2448
5345
16423
16425
4790
19237
17450
2586
24815
25694
6949
13698
18031
14033
23068
1093
25328
23888
24720
17277
1988
7750
9767
3466
9722
7989
24487
21976
7148
4169
19803
8449
13021
22319
23875
22016
23513
15705
21894
25807
17450
21013
22937
27000
12886
15993
27368
13148
18783
17170
26802
4817
14657
6637
20317
19882
2962
27830
23426
7610
15172
24812
28800
8759
19841
24213
20853
20333
6591
12159
20070
776
7115
19583
725
14737
18735
20805
1454
14359
27533
19439
6321
5247
11164
14565
24039
22052
19785
24960
18273
29015
13112
10837
460
24887
20997
26645
8718
22020
15960
22209
5551
2827
14111
2966
27176
22874
10741
8282
3835
22141
16068
18142
17487
2252
7536
12155
29877
28567
22370
11770
10105
2193
13723
14900
29661
24147
18812
11188
12984
25929
26220
24178
7653
23320
7814
11559
20887
2691
19826
22639
11875
22440
22092
12798
22263
23923
14479
26216
24175
17629
1407
12687
10079
13455
23266
4132
10318
1310
6335
1183
1874
28501
4212
18619
5243
9034
19614
26060
9723
9350
26122
14369
12288
15763
1492
12810
26253
14549
22316
20443
20855
16686
4157
1382
1670
4086
15998
3726
23235
23402
16534
11208
3717
23762
22511
28941
22298
1123
22800
14499
4166
2036
7391
25065
22804
847
27527
17364
