2000
26650
4676
15111
16798
53
5156
8789
8792
5339
29388
26630
13644
20531
13767
24017
4271
10057
24008
13188
5080
26001
6261
27315
19594
8202
19734
20167
25602
24637
28284
6966
25940
3662
4602
14997
7696
26269
25900
11622
25713
3823
25893
15091
12124
25262
8265
22045
2341
24787
25504
17303
268
18969
27687
24619
689
4355
3688
7366
28492
9831
18211
14858
18537
29261
2825
14306
15306
7189
4385
24905
14517
10674
20127
7100
16338
2391
3588
439
10525
6580
19510
25786
3684
28038
975
25809
22853
24397
25466
5178
7079
22709
23508
21371
22101
19849
13248
3544
11672
26105
22927
21611
25386
546
13951
28431
15124
16246
11359
23074
13200
23244
22866
17986
4037
23215
21784
10648
11127
20741
17656
10515
12180
26514
1651
4743
19228
2772
2522
25565
25939
23616
14107
13276
19148
648
28114
9954
25240
10514
28211
17438
4668
932
15173
18640
3708
21061
17073
26584
14376
26811
310
29389
21174
16544
6961
29071
26294
28576
13036
12454
17375
25747
13154
18116
25732
11153
11302
26578
26813
14996
28351
2696
18812
6896
10103
22530
1829
15508
20739
14989
1112
6896
19420
10356
9512
13414
17100
19612
15373
24431
26831
26715
3455
23982
9988
9447
2516
11001
22076
132
24934
20269
16348
20761
28197
23086
27998
4965
23371
14035
13369
5843
310
24615
9506
13397
8628
5042
5814
29099
19580
3932
12824
15653
26254
27482
14686
21319
9947
25326
7358
5060
3847
12130
4847
27844
15737
2216
12014
26045
18222
26658
18189
12780
28259
14591
656
5716
9724
28263
27503
3146
11361
13086
25174
11656
15452
3107
11877
13458
21252
4315
17093
28109
25517
5824
3085
13508
20163
14591
17902
846
10544
11460
2436
19972
8296
2650
18977
27574
23451
781
13282
16235
15999
1802
28406
18484
27108
9409
26562
6304
21036
25114
4839
25586
6853
988
27527
4789
4770
442
27867
14421
26072
26641
4924
16453
28257
10724
5863
6188
11769
18251
20448
29794
17363
27795
14237
25702
14312
11835
29800
10409
25850
24971
27296
20422
7415
4353
4384
16526
9540
16971
22660
13358
17591
2189
18945
22488
20268
16091
5363
21292
24623
20546
27428
12833
22688
27753
13732
19249
12414
29916
16689
6497
15075
29583
87
5035
15283
506
18675
4049
5339
25050
4502
4859
24896
11383
1525
429
4801
683
20600
13082
28437
21231
5529
28199
6262
24459
22662
21976
13676
25434
4937
8695
14128
15422
15287
24498
14323
3887
20414
3618
11337
28424
26947
11545
26220
21651
338
2943
10793
23798
24427
17211
29220
4356
25664
25463
14898
16097
16998
21312
14106
24974
20025
27744
28344
17239
1676
10756
21156
14131
18640
20223
12898
14222
13449
2735
14650
7133
3263
6212
26669
2444
8426
18391
25829
15410
148
20201
4850
15416
5414
13776
19410
16917
14256
4480
9192
27066
5701
19418
23268
13925
3954
10927
6653
24627
13199
9633
1616
28826
6336
29015
86
20171
18241
11598
18517
12763
19669
10657
21147
2456
4445
878
23079
29346
2857
25957
26278
16746
21215
3059
28682
8484
1157
17212
6278
14788
26157
26690
25771
10132
3570
655
14447
1331
22685
21198
15289
28151
12270
11035
27569
12797
3059
1082
6734
9130
15316
9515
8926
9062
23607
6911
25373
22456
18614
22732
5577
9580
21169
18888
16807
26136
9864
20885
16379
18470
20913
21785
23188
10370
23533
7521
14663
14168
29424
26560
24615
18756
10647
9884
6848
18787
15494
10771
9228
24700
25425
6733
8611
21011
14327
25010
25432
10998
23304
15974
21724
23444
17376
16194
28302
22784
21280
11156
27016
9449
8129
29593
23662
21638
29060
11162
3099
21483
9321
9899
19690
25524
24234
22961
4593
11139
7906
21494
26884
13926
20428
28536
16729
13161
2104
11683
29327
3557
18229
25083
16816
17356
25618
21949
3275
8966
16582
26937
27927
16023
10497
29648
29031
28191
20702
2339
24608
21949
27651
10491
27841
13888
6750
17335
23727
16987
20263
374
15219
4726
5366
16819
24180
20341
28702
22276
29539
2718
6026
17297
2571
24525
4656
17413
20633
28438
8569
26265
977
23114
4081
20791
14991
10486
27002
3195
10174
3888
3960
9508
27837
269
16726
19115
4683
14643
21890
16233
12324
1057
22619
1257
20019
15599
14866
6872
17342
3147
16609
19501
21480
21239
6457
28886
2342
26761
22369
24180
24605
18115
6879
15056
23603
29609
23300
2904
2580
21475
10188
26834
1920
27258
7368
4522
9015
945
27043
19398
4331
14035
3489
2106
22500
20960
29819
21349
13484
10483
28088
24031
20885
19834
21328
1604
24937
16384
1258
29222
28782
1299
11950
474
29355
4521
22607
20545
387
21236
26106
4975
29840
27479
14576
10877
1139
27680
18403
7589
9375
1056
6497
19740
16529
9825
26209
858
7873
24300
13470
27304
11399
5069
21037
28970
1370
12918
4424
9015
9346
23280
6997
29831
28402
1873
10995
23006
28926
7895
23305
632
13045
22971
8861
1318
12845
23536
7717
14656
18586
27155
13923
6512
17484
15272
8845
12026
21908
25380
8372
5467
12683
3172
11331
26500
16769
29274
28687
9388
19216
28960
25067
4259
8736
22630
27226
23370
22405
22835
19255
21742
21293
5916
9865
22810
5777
28935
23454
9090
9671
11626
29598
9295
7357
14472
8668
9647
2647
28810
17815
23551
20198
6163
23574
16608
24109
21655
9893
24848
7752
29404
29313
24156
4635
24964
7156
12601
18289
23977
20886
12477
13517
25368
29065
12
26083
7366
1795
20928
20797
16799
7091
29747
1045
26838
18653
4118
22283
26270
12557
4697
11031
24207
29633
23257
18951
4712
24414
10967
25015
6159
4315
6683
24083
15553
7059
28986
4837
26152
19199
8958
5708
15390
13942
8824
26387
14576
24641
2832
7137
21125
7439
356
13813
5834
17640
13818
21174
8036
19352
9208
25349
2320
13511
28332
21483
28372
1866
3682
22973
10383
27610
2099
13916
20249
10405
3227
4704
15252
19592
26729
13348
22936
16549
22446
13392
13991
16966
9050
6197
18429
12868
5966
15343
27402
26225
12411
25877
6274
26419
20928
29812
20427
14123
28189
18987
21763
28808
18619
16149
5488
16882
15028
25420
22806
17795
8975
28335
5398
6611
16336
13237
9943
9360
21814
14589
14423
8167
3885
18250
9007
16838
27325
27042
22609
1878
7563
1589
23022
93
23944
24771
8190
28903
23267
21266
5167
12478
8723
15122
2098
8009
5827
22345
7422
11753
17485
1358
14912
29733
16930
10474
16490
8709
14054
23508
12446
6116
2474
8240
13237
18941
27280
28797
17248
10129
8018
14908
11032
12201
16952
19657
978
27741
29940
20744
10275
25910
1739
16385
19839
5878
28314
916
22630
16883
23456
3326
14574
5531
25221
14352
4489
4644
1110
2220
10440
6175
17768
9287
16289
26638
29409
11620
18330
25027
25352
1494
17803
3547
26137
15076
25309
2255
7604
5200
23976
24706
17693
9059
3712
1621
6635
2416
21135
22571
5182
11690
14999
26975
22537
10796
3006
12591
2287
16476
24341
13755
13947
4862
6954
553
20950
18664
27614
29653
20364
15181
11527
6622
2302
20649
989
10546
6284
24022
19621
12596
13248
1738
9795
28722
28356
11366
10367
27351
14741
604
28847
18920
29610
25830
8478
29721
17663
23174
4972
18534
22329
7452
19979
20786
23319
15140
22499
4397
11116
17056
28274
22176
22843
6478
504
1921
26239
17062
29056
9840
11962
28219
16845
10946
19933
9698
19803
12817
4700
5676
25094
10632
17982
10559
18805
1427
773
13920
10375
2978
6526
10860
8308
7434
3860
3769
22312
10881
5451
22611
20457
1025
19683
6519
8956
15206
11670
19761
13372
453
11415
18108
23656
24093
8486
12690
20208
5867
1299
29591
28012
6922
8994
15237
1341
24993
4911
14517
20546
10904
22800
28907
11662
10386
21402
23553
5935
23122
7586
24053
21349
2485
26582
3051
27808
28738
9332
6378
11747
12020
12860
20861
8316
3947
21040
26890
5270
10553
23374
8843
14112
14204
15852
4059
17322
5153
8596
19245
18122
11155
8269
668
21777
27363
14496
5239
25593
18983
374
25178
26375
28750
27716
5199
9641
16179
16216
5448
7885
8554
2367
6753
16251
26000
6402
23785
27141
16398
18597
822
11633
2858
24542
25402
7109
15098
29538
25509
16713
1907
1755
23730
18901
12121
16031
7030
3032
8110
16029
24148
9849
23310
26349
20630
1340
4286
908
27806
27235
29130
13914
28505
7433
7152
29154
15098
358
23683
1934
27006
811
20466
2835
2666
27346
3649
17820
13789
5077
16474
10476
22098
152
16051
2356
28169
23835
25229
27882
29048
6931
13451
23587
27590
22417
324
5218
9709
22884
23420
19111
7296
27710
26396
11611
19885
26041
4678
22577
9141
10947
14767
22909
7470
10218
7399
12703
5334
23881
15452
26577
8051
9274
10312
1495
22598
13452
20630
12484
11340
22183
10516
16480
14117
13549
27360
28326
10082
2882
18016
4336
12659
26820
28375
26500
16036
5546
5858
19695
17912
23918
27598
9650
8021
25659
27637
16824
11341
24033
22726
22794
28804
15920
5362
23146
23479
2063
26832
4360
1537
8438
4972
2912
22854
326
25888
13274
914
26500
8570
4540
27825
9225
6150
27604
25593
25500
12272
7894
19200
8024
16639
15431
27205
14676
7360
18941
7922
22110
6204
11452
17758
5557
11407
21999
14135
27004
6746
5766
14611
23247
2562
7730
19090
13497
28831
6726
7090
27675
28952
4585
28979
23606
16975
23607
16884
12440
21252
10903
26875
28057
4840
17886
4354
25168
7247
16262
11364
16241
39
12791
29083
28900
6156
24076
16885
8022
11214
8971
17932
29029
565
10554
23435
26401
22927
15375
21776
12551
13804
7435
19059
25248
6208
17346
11817
14136
16892
2888
16305
23653
27178
12819
26429
19426
2748
29146
28336
22237
20802
13388
23524
6263
12042
29728
21338
11149
1143
24789
8379
12064
26208
24640
22840
14002
3708
11311
11117
1438
4082
18119
18907
14477
29388
22879
16870
27218
25454
26267
3048
27504
9924
3441
24685
5664
9268
14056
1924
14931
2042
11011
27117
16044
13705
4229
16494
14948
3430
20026
24179
1975
14150
3601
13069
27673
15603
15658
8081
9349
29966
16700
11252
11323
28077
14942
11908
8600
20841
5227
1914
18865
16145
10102
23872
11383
23041
4651
19139
19111
16672
16437
22391
3007
3328
20431
7545
18422
26623
1371
11809
24588
12817
23118
10220
6273
16175
19223
12159
8151
14291
20786
6978
27868
19341
29426
19362
29230
3650
15406
17019
2058
17511
582
11833
18290
878
26829
3550
17823
6543
13517
29410
4154
25764
4266
28822
5501
6985
24116
24004
14869
2636
15454
8910
15585
4422
13438
25719
16055
3672
19733
24436
22766
11765
14017
16673
11000
27313
23883
24398
24883
13657
23210
11444
20563
15972
17489
13086
25770
5408
3316
4798
16213
21800
27662
20737
1343
27084
16608
10151
2267
25843
29895
4366
21981
21165
27514
393
25780
25857
12061
5969
29181
3161
10336
13
28206
498
12687
9038
5192
14269
7542
8424
1001
10845
19123
4767
23232
3437
17044
26177
2255
4745
24193
25849
23965
17647
10044
16191
6881
27195
15998
2307
15943
29515
10491
18976
6857
29553
4327
10858
2180
21399
29711
12913
6175
6990
18855
2318
10598
6742
29047
28244
17826
2553
25431
1903
14326
10673
29022
26550
23082
9126
320
2531
27791
9735
10889
9060
26808
11056
21527
17680
25808
14673
451
5103
14602
149
19608
24749
16535
14818
13863
8613
14726
25565
14595
29396
29959
22753
2179
9641
3593
26491
27412
12746
21207
1465
13287
545
18961
15821
845
29015
17730
3106
686
6123
14743
22617
3266
18858
2346
1695
28617
19285
12804
19248
24346
26193
1311
4004
19308
23846
3112
29733
26825
22128
15140
7390
14194
6107
26174
21887
4018
11084
8620
26930
1743
28532
11880
28924
1099
19164
19737
9599
23233
22042
3743
18031
1278
7916
27698
27584
18927
10278
28725
25549
9153
16754
14327
17765
23805
22457
3611
17228
27746
14405
23096
11622
20567
68
9112
2377
11290
14241
7744
23854
27244
25148
29450
8409
10623
5383
20830
9538
23568
20031
11550
9858
6527
3547
3770
5810
20010
13948
29348
16193
15992
18352
21944
14167
4781
7057
14104
5603
25092
24818
3341
24118
11138
10662
3523
2147
10144
20572
26085
13287
4883
21546
18615
469
29603
21562
26252
28882
29774
16219
11779
11648
16576
29094
25044
5883
6112
23308
12440
16219
19764
24166
6268
8029
24122
14509
20296
14551
9438
14710
11587
6399
19477
1170
27303
27322
1724
20485
22222
11114
19945
22514
3976
5516
17534
10794
