200
8131
8570
5009
9487
1433
103
8179
7884
868
5534
6919
9499
1684
5240
7663
4515
7287
9100
9246
4784
1199
7806
2680
608
7980
2501
7305
9036
7084
1837
3943
7524
2828
1765
4761
1071
6982
4573
7386
9171
7902
8846
4487
7825
4460
3021
9250
5609
4316
9154
3138
3632
4370
9710
6106
5859
9172
4239
5657
2953
7888
8820
8567
6057
749
9366
8724
8490
7944
5958
6510
9040
4612
6637
5174
6077
9566
4743
1195
6688
5107
7285
3448
1407
6851
5948
604
4986
7380
7511
4758
7125
9656
9976
4281
2834
3257
1541
6038
8325
9320
1045
9342
8663
4714
7709
3948
5873
7709
1293
5907
4194
1086
7688
5462
7272
520
7351
3902
1246
4888
5948
5936
9228
8350
8411
4880
6620
1959
4072
8717
1891
4658
518
6576
8424
5801
4275
966
7764
4857
2906
3360
4211
8001
1240
3942
5130
9803
1458
3359
5877
8361
5475
5068
8504
8301
3350
6737
2780
3528
5101
8448
8086
1199
9700
6404
2558
6356
4444
7434
292
1607
2751
260
4472
3647
9385
6020
2516
5639
716
468
2394
8644
1932
5431
5113
9266
1254
74
1488
8072
4747
3025
8238
3229
2746
8467
4797
