2500
1558
1905
20322
21693
13613
16547
18915
1093
8611
8059
24699
4368
1006
3009
26405
6295
21246
20832
10981
25149
20073
28080
16744
5034
14631
27355
6392
1306
16394
22619
3133
27192
18266
22018
4680
5702
3878
1704
19226
21032
10511
5936
22439
23220
24578
332
21276
896
1713
9239
15648
841
23406
10687
29835
10144
11682
3678
15314
26920
19527
27596
14113
11465
5108
24024
1156
37
65
3166
5122
28336
10671
1620
11575
26190
2087
16267
23507
17593
3236
21484
1971
9114
21842
21078
12103
480
13589
21432
25987
21593
28869
1087
16757
15599
1284
18463
25871
612
26215
21381
19417
5600
15533
18448
21500
25696
2618
25858
23257
13542
3604
15959
26286
25039
13672
14151
24183
15351
29720
1054
729
21529
14088
13717
18058
21328
18017
10928
7311
24449
22298
1488
26747
353
13961
20988
17578
28895
22430
17822
25042
3851
13961
13272
6171
12627
19834
13601
19850
16056
18638
29860
7985
23014
17514
16844
11310
23712
19366
7828
29874
2284
245
8247
27642
23001
4029
23049
29653
4473
20016
25954
25823
18293
20786
29021
15494
25224
19360
25943
11319
26868
28050
8202
22128
22123
25382
28203
22422
26959
5688
14370
3597
23470
26969
12308
21833
20049
3511
16275
24065
28837
29114
17615
533
10536
8105
23951
10432
1455
1108
23093
14997
21123
25146
14470
10469
14771
12991
7888
22757
21723
13726
6934
9004
22234
23304
2306
6741
25561
13355
6501
2256
26075
2253
29530
16800
12814
28066
18734
169
16852
2789
9859
9035
27388
21218
257
1220
18489
16321
29813
19888
25731
19874
15137
18264
14211
9749
28829
22676
15989
21980
28435
2560
23337
25088
24740
8833
27461
1551
26076
2735
16698
15584
25158
23057
20292
5335
12063
28737
28787
7446
20918
5313
3726
19718
22443
2721
24804
11549
18053
16584
27913
23673
29877
15588
16581
1896
10073
2482
26034
19040
7587
8391
17709
15014
2166
17998
7755
12449
15074
28796
6076
6920
404
14115
7617
7798
24920
6400
22389
18900
5379
19630
2524
3000
29775
10114
3496
5865
2356
12075
964
6804
12321
21451
19666
21324
4756
13224
18568
27477
17505
8095
24506
1555
14609
21360
23353
18483
5264
26272
12436
8709
22669
8288
25119
28875
10117
6545
15903
13305
29293
29170
2135
23848
12419
22282
25012
13341
7016
17986
5855
28697
26179
787
157
29228
20583
19325
27158
26525
28153
14903
21669
4367
26761
13502
12481
15662
27437
10471
26247
28347
3449
7896
29340
1138
10889
29705
25781
25831
24426
26608
4751
695
26495
10178
28049
13971
23537
22360
17989
22656
10275
24417
27940
28718
18184
26338
6688
13984
29695
19190
26182
23087
1547
7448
13850
3524
27710
8682
10050
23928
10457
10563
12896
19067
8023
2160
23597
28978
21319
8758
12374
14401
19818
14341
24607
27054
1428
8291
27074
11894
19451
24194
29119
12907
4454
10537
17443
5042
7152
27460
13361
4511
28767
20541
14366
10105
22279
7207
12901
4511
14767
20943
15690
6882
15382
12144
18868
28638
24363
14462
13407
26772
8639
13864
3558
15448
4870
22492
28379
1164
26651
2159
17873
9836
21777
19622
29925
4926
22418
4516
10989
19749
17820
25173
4915
11955
18955
4725
4011
13727
8380
23700
12220
1779
1708
9950
26473
4734
4649
22130
25548
29402
4317
10376
23995
6905
1515
15241
11906
6900
17316
27719
8696
9186
5016
11960
11156
16868
25564
12839
8705
3331
15638
12115
5542
20293
20917
9143
26392
26116
19220
12041
9109
10593
26619
29815
16755
1254
28169
21014
3074
29007
18076
8742
22867
7141
24503
1334
26286
27934
10934
18250
14862
19563
23491
29991
18870
13367
5002
2453
14951
19588
14531
8933
1426
28019
25903
22279
25785
23385
19367
17347
15118
16558
20220
17199
8080
9841
3558
13256
14699
7494
23782
27888
25535
17976
574
23644
23812
21284
9443
27642
15020
14702
17376
13631
24183
24350
11465
23096
3591
12982
19257
28508
18009
29801
18616
3989
10170
14590
19062
28562
13449
20143
12467
9984
27523
18267
11105
1444
26289
23579
13590
7500
26123
16791
29750
22676
6678
10421
23430
7713
13959
19702
3448
22097
26360
2133
6720
17945
16559
27064
16295
10717
26071
6189
22479
23029
10582
16240
21063
16457
23627
29802
6818
29318
13571
4352
16749
22434
16550
8002
28165
18594
12980
13023
25405
15229
1413
6254
11229
8132
9679
28406
27251
12244
29392
16328
18949
28378
18997
26168
26153
11777
1571
24456
28416
23913
12700
24571
27857
27592
14328
18694
5635
4313
13945
1941
9353
255
2741
28125
8710
19848
2064
22110
25341
17613
16588
27120
11669
29236
16485
21968
20655
16277
1763
7129
4931
25260
12406
18536
1227
20500
6339
20010
18415
15257
8189
7486
21284
22300
21098
3324
17881
19646
23104
20035
27847
27263
20047
8132
11347
22526
24641
20847
3814
5454
17264
10571
27812
7149
11393
21931
12597
12909
3787
4616
17020
27609
16251
10822
13022
24903
28632
17747
5297
23407
21456
21746
6024
17197
5607
7230
27127
21169
612
13269
24900
29991
5707
2898
20181
15671
18458
17375
22281
15024
1733
27951
29896
27762
9488
9524
7039
19343
27462
24730
21983
9518
14162
18831
11865
890
23124
6790
7209
12545
11544
23476
12249
21304
2278
13768
3863
18311
4250
11645
22361
26670
13631
26289
5947
9564
14361
1055
4546
7400
20803
17642
29292
28213
6769
12501
25158
15481
28654
20875
2830
7085
25668
3243
12949
24011
2404
5544
19726
11076
27419
25541
27618
21352
18324
2260
7973
15801
15741
18373
14517
16889
726
6777
15112
6184
5844
8667
12704
26637
17961
22212
24226
29384
7353
15706
17158
8194
26511
17069
14599
18399
10763
21534
8396
17535
17738
18172
15389
9328
8185
16912
28010
25481
11482
17623
10640
13113
5541
22680
20461
8840
21059
14801
3631
20972
25750
25886
4994
16452
28259
1115
3472
5655
19392
2834
29085
26056
3441
22397
19507
5820
25411
549
3080
9621
12717
5699
12144
12100
9751
23536
10223
10331
4089
7889
9828
17481
14066
824
13056
10595
19568
26475
27517
19039
5269
20281
17342
15564
12078
8314
21881
19249
12668
14904
3166
21115
13508
1405
19424
20605
25552
5469
1865
17170
1123
20184
913
26073
25739
3643
13987
15860
8765
2998
18317
18268
5304
14639
3771
22128
11856
28043
10410
26752
16088
9660
16720
12930
19137
24084
5606
14740
20759
3524
22373
9092
27272
15649
4795
13108
15225
596
25875
13887
28607
26295
6283
13726
17688
5093
20109
14727
24845
27238
5075
28425
11679
26235
28377
26838
7850
12129
24156
26738
18570
24297
18714
27185
26123
10281
4219
26877
4828
9916
24385
19171
262
15202
14894
3590
24718
26001
25279
14417
6893
16080
4004
29030
24847
5421
19491
15153
9690
9274
20367
4707
20118
26262
11046
5119
21231
8573
3931
10709
132
26506
19052
12519
23319
2569
11709
4156
22219
26067
27333
21124
3372
27733
8637
5795
3865
10840
22753
17790
17599
22509
12360
11744
21649
5399
307
7244
12089
26217
10545
12184
1364
13068
5650
9622
8363
28781
335
10063
28766
13772
29989
5086
477
24638
17411
12147
2078
8545
24395
25244
27803
450
20062
23249
5800
12915
15387
7817
29465
18384
24322
20528
25382
11945
5160
14531
3277
27405
26751
25126
15551
22811
24170
25680
6830
21733
11557
19902
11987
2662
17046
28441
12778
4585
1918
3250
13903
28271
23230
17446
17656
10155
24122
13654
17410
24774
6410
29488
5072
29157
17092
5567
13778
22713
10899
17796
23426
8202
17068
5938
21928
1459
19300
18344
11313
17349
6587
126
19835
7699
20399
1628
5954
27487
25960
18642
28332
24914
4050
20617
5516
2628
27701
9955
15838
13294
16169
8593
26517
4312
13457
6913
20072
6158
17594
24824
82
15638
23825
20684
23915
13121
9997
4556
16347
7261
27518
15323
6269
10273
8939
28259
12625
29961
27232
29211
29477
3423
8065
22454
4434
25058
8514
16076
14185
17933
22666
24666
23774
16425
9715
14521
13513
1066
9615
27569
4488
18539
3168
14791
14222
15465
21679
11919
4285
27900
20945
29681
12927
2566
12809
29542
13446
2146
10309
17754
24358
23499
16349
17625
12697
587
9768
23080
25765
24250
10398
23720
3210
415
21365
594
6585
4771
3581
12126
1529
8056
25169
16972
5028
14286
12231
1366
188
12659
4881
24980
9462
23583
27611
7878
3304
12603
8682
58
24115
20770
19151
3867
14008
18701
23604
15937
2273
7884
7315
5916
16911
22208
21434
26565
13242
23172
9899
8051
12716
18061
2996
6074
11792
10302
26219
17918
13481
24429
18931
13701
14826
3988
8013
25429
3109
13758
18153
21104
21420
8293
29968
27267
16922
21935
17627
8871
17689
9680
8226
5550
15344
26653
20102
14429
22327
3538
12470
26057
18458
3278
22683
20531
14875
808
847
2103
14542
7553
15163
28774
27579
8499
8119
13993
24405
2287
25536
18828
28657
26214
5756
6226
4635
11954
6154
5110
12392
15994
26008
6485
5904
20646
24941
9095
18732
23437
23097
21151
3146
2783
21217
22260
28401
18306
19550
18317
844
18802
21047
3517
23301
24699
6599
425
10213
27820
2094
11376
4354
20560
19215
20045
12614
17223
8584
6144
28990
10864
16294
13235
28882
28984
19014
11182
1287
13899
18123
9211
23076
18932
2499
3591
9123
12085
28694
14145
4184
19954
8419
3121
6035
20355
9608
12498
19278
27832
28358
14331
7557
24580
17868
14661
6227
17146
15776
12378
8680
18956
23744
5155
16229
29618
9631
22771
16316
24525
19512
26284
4753
9677
17691
4147
29763
19348
13094
18150
9432
18175
27537
21489
24800
15553
16380
26328
24926
3659
10489
14992
5822
2362
23689
20984
855
18018
149
3017
8374
304
24177
15177
11314
11280
6646
14182
4420
18176
25557
2986
14584
14642
10157
15958
20902
10785
43
3126
19411
12897
13049
6495
5949
18651
29508
27399
12588
12508
2172
9919
19954
26113
19747
21356
28068
16221
8290
1952
21141
26762
5553
27442
8082
19465
29897
6367
20659
14251
513
3234
23799
24281
27499
3352
24040
8574
18972
9416
3615
23387
20704
24136
2666
26882
17085
20696
11842
21105
7697
10172
22245
18812
20266
9250
7422
2875
12461
29473
21073
19330
21513
26592
9650
23483
22333
25877
11891
21924
8482
2001
26510
19417
28284
11875
4502
22781
29528
7317
29238
26912
18345
20446
7480
7917
16514
11236
6429
12627
25570
20579
21206
16611
29591
26103
21096
20503
10408
27291
7731
26831
4524
7537
16451
27293
7084
9319
23911
13153
7229
8036
29907
11828
2703
16204
8628
28734
19163
17273
21387
16033
25203
25637
22390
419
26092
23941
26344
2449
20326
1986
17913
23692
11892
6186
7907
14087
29648
17164
18212
21427
4787
10743
6900
1198
8979
1614
17729
16565
15344
23835
20428
14443
17159
16101
16426
2467
23464
15465
16111
22768
17134
6530
19293
26833
3573
606
11026
18198
26653
16916
9472
22262
21701
29621
10748
21376
5587
29285
10038
9874
15444
15413
15650
20429
18170
25172
5323
4098
4850
5001
8212
15727
11019
18866
27357
28235
25885
11151
28861
1830
24881
7329
7867
28979
3584
7681
11627
29594
13924
7960
25714
2857
8919
14229
7542
13138
15105
11925
66
20419
3775
16797
24734
6507
2593
25607
23940
27017
12295
4039
20998
3895
1946
27435
4127
16316
15545
9058
6849
22122
14498
21891
21338
3748
13039
24706
3918
28706
5919
20937
26288
14121
4564
12992
872
16881
7035
984
27116
14165
19845
897
10342
5454
6043
8737
10959
10305
8686
3934
2574
23370
29068
20813
28690
22968
6371
11978
19135
16520
18721
4167
16318
11707
23657
7723
16215
17259
19409
11026
14365
28615
23509
5041
21450
3229
25352
17030
18012
15774
9153
1023
8454
13954
15984
25886
14862
28177
20587
25812
14283
23774
4563
11667
446
4647
540
29730
7576
10840
25910
15273
3397
26269
21581
12545
21279
10091
27372
10649
21133
25643
16877
7662
27645
18323
24094
13603
2087
28322
12857
2438
19965
11008
7297
18860
3103
21318
7117
6571
21502
22399
24809
18455
4950
29996
16148
21151
3793
18624
25065
19259
7502
10583
13943
3668
16691
16087
9649
24903
22386
20592
19338
27552
29091
23448
16616
14028
26935
7254
4288
3530
6062
7459
27864
27668
16318
5579
17720
6924
15882
9847
472
20258
9611
6496
21796
13892
13540
524
12882
11143
7132
10025
19790
9979
10460
9144
10280
18253
2349
26124
34
29672
19957
16423
17641
23950
10293
2543
18865
22763
6980
18222
4108
1759
27528
28753
433
11984
1353
6925
14274
23842
27232
18987
17207
20943
10304
18379
17902
10744
27440
6506
28985
2233
27335
980
17817
9619
5849
20147
15083
14974
17157
18621
22708
6341
629
16219
3
17085
12216
415
4206
9074
8635
26707
17447
26833
10911
22313
29949
21498
9158
20653
15128
8875
28531
28816
4553
27883
20374
14739
13047
23421
19808
28349
29455
19925
11966
17134
28424
1222
29712
23344
13730
1374
23078
16904
21138
2903
22990
28875
9574
19948
1856
20153
24982
13744
27853
11267
27719
349
2905
12754
1454
20132
16007
7293
253
8790
20098
15924
1874
9087
13392
24721
3085
5482
5552
12237
24030
8859
11973
25263
3817
11917
20572
5396
15083
14932
7166
10464
20806
13116
11068
9892
24743
23600
3547
4002
5881
13416
27408
24596
17251
1357
6649
11126
5041
15435
28841
26694
17789
14282
13310
3743
13089
1873
261
20341
10453
21357
5788
26015
12277
7218
13893
12727
13904
7563
11456
2638
8904
14269
4694
2728
1447
18366
16115
10800
19208
24920
1705
13634
2044
3285
6707
501
15147
11265
23509
22865
11036
15077
3886
26897
21346
12874
11192
24769
20112
20600
17694
9202
16755
7951
7265
18744
23073
6639
15814
29494
6724
12378
12791
3841
11066
24837
21917
19384
8611
19944
27865
20878
11235
9662
3967
17247
8117
25185
10322
7568
6281
20392
9566
28934
28477
21394
1117
18497
26817
21668
11582
23861
12316
19201
9184
16766
15280
7983
25775
25805
12765
24932
25683
4882
10187
18800
23969
787
16260
10413
24712
22767
8791
20219
11052
26083
15704
11968
9875
4377
29441
18257
9010
16367
17139
3300
6974
9906
1792
6571
18925
14742
19033
15436
29638
20753
6406
19326
27211
14913
26494
6894
12841
12264
25460
1791
29747
29439
9180
5374
29237
18371
25655
6508
22531
21982
25881
16927
10302
8498
28352
23326
21742
29689
17475
6100
19159
977
1637
26732
13680
26799
11794
18464
27966
27830
25743
21825
25615
18908
11865
6014
24642
9315
6206
12135
17127
16700
8673
2190
12355
19124
9992
13658
13331
22696
10269
24658
28595
4014
20421
7098
8290
11996
17061
12223
23437
10809
5115
394
19639
28405
4612
24029
15589
9090
3402
7047
6334
8391
22775
24857
9754
7047
11862
27261
2172
11287
25304
16468
525
3359
2399
4466
7195
4070
26267
3207
21288
16016
2585
21705
6900
16172
7975
6237
11800
5294
12933
4896
24610
11266
27322
578
15945
9019
16592
5819
26643
5612
29803
14937
13010
11144
7190
14329
10517
118
17786
5355
26691
7451
25803
10710
7549
1799
20404
25361
15572
17586
22616
16195
16085
20328
9384
27510
19645
23683
21365
28919
14462
25915
29613
3744
15852
7249
29979
16709
1322
25179
14822
18957
14583
8021
24938
28133
9602
25284
28583
13210
14312
4211
18833
1974
20551
5575
18922
10749
711
10203
10566
26161
3459
11077
27400
150
22770
22155
22612
16778
25920
936
17576
1741
19391
16323
17294
24844
8414
19130
19326
16559
28799
7901
25914
26752
16888
16865
23473
8237
7941
3465
19843
8872
13018
25842
7249
23618
26337
24846
11668
23255
8164
1258
23832
9944
21255
