450
5297
28535
18486
23234
10313
8767
8565
20891
27142
16588
26879
17122
23105
18830
26963
27152
10537
18464
4136
29459
9408
28817
22284
19667
20126
13487
9912
10498
20197
19480
7441
17635
3009
14282
10315
1514
3595
13634
14638
6247
2785
5188
13587
14020
18783
10241
14416
20333
18031
1654
5678
11080
3644
17197
9056
29880
14029
20260
3286
2062
18551
21780
24114
29444
1141
25014
17799
16408
23366
9832
5420
28073
7073
23742
13510
28716
18921
16988
15459
23934
1188
19216
11711
5828
13751
12130
25646
2074
23759
8757
17285
7424
4284
3252
8545
9095
28778
3917
22818
21730
1234
29735
16984
28652
29124
23272
15108
26711
7715
1719
26473
17209
16322
8025
26848
15843
15678
9584
9329
26989
13285
11205
17109
23949
28917
10819
23396
4962
29804
14897
5132
6621
6759
27564
4745
17076
25404
29537
6131
5343
1899
2836
10859
20745
25076
6458
8171
8562
3000
25987
14876
8911
6362
27436
22398
24386
15514
25221
22325
25804
3814
20950
8943
18750
13660
5843
15952
13257
2787
17897
19465
13748
25533
2666
3294
14977
4294
12672
5512
28066
3605
7961
19418
20934
4725
2089
28835
18807
19755
23448
21737
11064
8338
9811
3655
11052
9984
28169
10753
22034
13070
11443
22472
24861
25796
736
11226
29150
10564
20611
9988
19377
3022
22639
20969
25361
27479
23422
3336
2210
15267
26609
19346
7722
4913
23958
8521
9546
8643
25035
684
14754
11549
16791
15803
19550
13603
21431
28443
29353
14515
15541
11434
4718
3964
12791
24595
12434
18641
28541
141
15840
29996
8726
8676
17798
20052
10820
16531
29416
20851
14786
21946
6906
23140
29872
24780
24347
21145
18837
7831
6136
24330
17221
24680
12743
7190
11066
20855
25127
22649
22425
18135
24139
2796
12596
29018
25144
28307
13054
21497
5061
2249
3292
14257
17153
4940
26441
6625
20614
20055
6743
10275
11059
15399
24486
17835
27499
18223
20653
14348
18560
16368
22041
10749
11635
26685
22723
4972
20375
12665
3567
16257
10855
7718
23663
13146
16264
18685
14344
25817
11361
9027
25234
25591
23026
6170
15358
4953
12761
23167
25104
4241
27077
6721
22933
22044
2553
1427
22651
7292
10580
21192
24643
29258
23468
27007
4451
10407
12676
25513
23183
7817
26496
20711
13110
8490
14750
16916
9925
17992
26437
7808
1934
1437
18380
9177
22125
17793
19581
9038
10372
6029
6760
758
6738
6418
16068
16489
13840
5048
902
25678
8975
24483
2456
18308
2734
22179
19572
2576
28707
8460
23416
28422
19386
18419
14210
2740
204
26978
15957
7001
12357
15510
13315
5146
18540
27392
29748
15002
21595
5482
20782
19734
9577
12051
15034
1988
27704
25198
7995
27137
6033
6543
27676
22721
25002
15746
24395
7277
5818
13835
1599
29815
4914
25186
5992
16456
4920
