400
19854
10232
26438
10
15718
11906
19730
13606
13177
26507
21388
5385
29918
23792
26925
21702
27379
17516
16265
6728
29723
11253
22563
14331
26192
9426
22243
215
29108
10150
25671
18330
6774
10619
5117
23758
21541
11403
22792
17938
29052
28890
27492
7374
13517
15729
29357
7397
26675
14275
725
29701
2416
21256
725
13778
7683
29671
27716
23018
6741
18907
28270
8176
26345
23289
16653
20327
8080
15456
12644
3587
20091
24902
3094
2881
26561
27408
20486
20646
24642
1533
4378
1469
9660
6241
12681
28218
4390
26505
22039
22966
7966
9545
19374
14465
1683
10132
11241
12986
23627
2833
21649
2095
18058
27259
5066
2393
13179
21448
21015
9729
19130
7533
12575
6723
14990
8766
14463
10576
26306
13588
15300
25165
28260
22510
21585
8635
21550
6581
28017
25235
1471
16153
12785
27920
7054
2468
11253
11141
22767
4592
24168
27921
21479
4672
24037
29241
916
4591
15068
28756
2105
2899
10551
20870
26158
4533
6192
986
24124
160
1640
25565
19702
10407
15171
19388
28980
5180
2371
27789
15635
13997
18577
6525
20408
16022
17479
7553
20670
8681
4538
17210
5205
16875
2225
18660
15099
25110
3098
22958
21995
21557
28945
23063
438
11168
5936
1173
4077
14368
5341
8165
16892
7088
25684
10692
6717
22828
15147
9950
27126
15068
8490
2901
15608
16110
17058
24921
9567
9165
8641
5232
13178
14312
28036
27296
18778
1790
2612
22935
28743
8601
16528
26291
25756
13016
17866
18217
11104
3014
28338
24086
26042
2399
11355
17775
11253
24585
17835
2594
26315
27263
12611
28766
5933
14941
23926
29720
18130
2506
10907
15953
6260
29602
4625
10944
547
18039
20204
29101
24054
24395
25734
21088
19113
21393
14988
16519
4106
3910
23154
27021
16656
19369
14056
17476
15637
2471
19692
23932
6472
19801
19250
15008
6277
7311
25222
24258
18768
13330
4950
20211
24723
12224
11735
3078
415
2305
5804
29896
27879
26181
3053
13157
24313
5680
22385
257
3715
14118
27234
22662
17354
16265
10957
22184
4988
28975
14586
5780
8859
4281
22723
3563
4364
3814
16975
9209
17998
14360
17408
3384
19498
20530
4653
16063
15073
4784
6294
11037
19907
18493
27981
29754
7877
6111
2223
9570
5487
14067
9499
19162
26179
3904
11474
12303
26518
24180
18797
13131
25367
13406
21687
5345
8036
3268
29294
9419
8792
20936
16771
8950
8625
26194
5500
27766
6329
10346
28
7939
15678
23754
23180
15772
26038
14566
1813
16042
