500
3863
25738
7670
25092
16587
451
14171
8196
13710
21525
6860
1932
20401
5939
15411
14469
12906
24625
12653
16237
18460
1614
19624
26804
10747
18217
21131
394
5598
7394
857
25144
29031
368
11578
13538
3500
12422
17533
23899
9538
528
1061
28516
5744
24105
9096
14255
14001
27011
23214
24170
16792
29851
29904
13369
23378
2210
9062
4470
29369
27176
20761
3926
17123
16558
4194
20118
20976
28605
29198
3424
214
22604
28336
761
29790
8836
28315
8715
28296
454
18586
8809
17676
15129
4652
21992
6352
28436
1640
15503
24199
4125
5419
29576
25435
19619
5142
2154
6184
18560
3624
15347
5805
12713
13533
9035
21921
11288
4092
19238
24030
8357
22199
26665
20839
9022
774
6891
18506
27445
948
17561
20878
20449
12575
22517
7787
20962
27054
19632
12108
6459
1996
20836
4818
3438
14700
22167
25173
11683
8940
9310
7257
23929
17106
11063
3858
2497
6855
7132
21314
20781
9717
17938
15057
4022
8222
9379
9524
27590
23247
6375
996
20204
25198
4503
24551
14500
16610
22603
29929
6028
29656
9942
14503
2188
11416
29957
25050
22323
29398
16336
29262
14212
22318
4507
21579
10674
1717
20335
19508
12999
15758
486
22434
697
7591
1152
7123
29061
24456
7231
28656
25409
14802
26936
4936
884
26706
1373
11315
1475
27271
13108
6521
12349
11000
17469
9192
6587
15898
9281
18189
17913
4703
23394
13720
2477
26957
989
28258
697
29578
7042
28413
16340
9215
3856
16160
24801
26255
18978
28022
433
14055
20920
3766
7817
6963
20660
13765
15178
6940
26479
1875
19151
29070
24163
24901
21991
19114
8581
849
3593
28402
15271
16636
5956
9701
8644
20610
16793
29483
13931
6575
8661
21308
8158
7102
2480
26870
7091
6717
7386
25197
26754
22417
2149
14693
11202
6611
24155
6984
7043
927
29587
11599
4446
10111
752
10444
25798
15104
15702
7137
6074
10098
15107
21480
19723
19582
29527
1878
4672
19736
17854
1804
21486
28593
721
14167
13905
20646
12430
18119
2318
7242
23444
17248
18606
12104
26607
10547
22076
7894
25362
13793
9692
27191
8585
24116
28708
13385
8851
14896
8615
17647
11798
23717
4975
18004
15792
14697
14668
24611
10041
6431
9462
26901
10089
7215
29039
11466
22765
18446
15825
9155
4656
13541
19244
26464
4720
412
16114
13876
17178
25405
6774
16392
1817
15046
3857
21139
1831
15129
12133
13984
26833
27394
26448
3211
17002
16635
1161
28925
29606
8185
19996
2773
21593
26870
19026
17396
2929
7666
29854
22542
10400
29263
18406
11478
26949
26894
2622
2698
26549
23576
2826
24669
7153
777
10087
15095
17486
13392
13377
12422
16901
14329
11720
9026
23580
23068
2447
4453
16463
25514
26243
18301
5382
17911
26897
22474
20649
15606
17217
8547
5617
21852
19528
14813
14762
8524
28691
26214
4781
13314
27529
19350
15562
14364
2694
19437
2524
20605
27087
29604
17046
7668
22132
1861
11126
17721
5892
27207
15945
12112
16545
23559
5412
20161
12131
17897
12076
28278
26347
2220
27944
16657
24728
1290
14010
22339
8873
20433
15272
24672
20379
