100
3289
6166
7662
1589
9272
5220
1696
5141
6195
432
860
5621
9437
7755
4573
526
7845
9161
6432
2786
2038
485
5442
7008
9390
5271
8833
9124
2517
1123
960
6087
1224
2995
8846
4939
5380
4569
3589
830
6430
6046
6809
686
4540
2179
3935
3008
2944
8486
7981
6207
5649
9054
1927
9712
4103
8602
874
3423
2994
2419
990
8277
5255
5535
5575
4244
4182
9299
4358
7336
8209
8620
8449
5671
3550
4553
6965
9047
8057
1225
2966
5959
9726
1793
1332
8881
9319
2357
1769
33
5742
2170
2111
8108
393
4891
7039
4253
