300
25438
10835
23481
9500
25296
28735
18696
29159
102
15285
19667
1482
24030
24470
13690
26694
4938
19420
17431
6984
22699
29976
12943
315
23095
28068
13666
11620
13195
3052
17736
25723
14029
18429
7739
24025
26369
9636
26595
3255
27502
28241
13158
10736
20347
10567
18347
9355
9917
16275
9662
13990
17531
26484
28984
28729
24076
8762
29772
6503
9703
28553
21320
28603
2139
22841
21391
15830
28175
15195
8644
28501
23547
13843
2847
12611
1344
519
19659
5571
20256
11105
7688
10419
27774
356
17566
17320
20983
2069
22874
19721
24151
25564
29038
21743
12325
29833
28094
23098
16963
1900
10382
582
22560
10476
27350
23711
6784
1046
25025
15759
6586
6840
8892
8014
25198
7597
7034
4325
27842
22512
8314
4629
26951
21526
1716
27089
29325
270
20136
9306
18175
11445
4518
28982
1544
6998
27233
19954
7935
4383
20805
1902
15589
13199
1063
22181
867
2430
5456
27330
1760
17696
1297
29591
28207
25716
22464
7746
6974
26225
2057
22064
18244
11289
22238
2379
23313
12278
26209
14288
12339
13059
1724
11761
28067
13651
23512
16927
28871
25626
20661
203
897
2201
24825
20472
15695
7521
19108
12391
25939
1725
15031
17840
23672
11048
16278
19604
22351
3401
25519
4170
5592
10098
17328
15347
5029
34
18179
24932
14212
15657
12
20142
19406
5438
23868
23793
18443
4744
2086
27764
15858
18096
3389
24736
15700
21611
17998
18401
7651
8620
8176
18550
16800
16096
26873
3311
14832
24397
17128
27080
7052
25424
28006
16658
25178
13929
24422
6472
1999
1989
16357
28266
6674
6816
18197
26768
4897
9788
16048
22539
4893
17000
15191
16398
4913
2347
16725
24538
11569
10920
3787
28342
2479
4967
12550
12544
7068
2143
2880
26066
1981
4878
12916
18021
10001
27832
9592
23645
17367
18253
5971
18074
27907
6555
23705
17444
