500
27950
22950
10243
22580
25391
28753
11870
22280
21640
5846
23375
12038
7434
25440
28804
19831
13756
13341
11604
1893
27085
22617
1629
29688
18338
18919
4932
26127
14071
14713
3985
19422
18207
26639
11713
3259
24026
18619
22116
17150
248
2104
28341
25477
10939
2711
22005
18866
25442
1820
19185
25714
27341
18801
3296
16382
24462
28107
17508
659
13681
25167
23886
23393
7521
16251
3082
23858
5941
3973
21969
7372
22706
5592
9479
19916
16929
6560
6168
2077
17056
2054
18053
8281
6904
8743
9932
15953
10077
3938
11426
25639
13116
4607
23615
3005
15166
19226
2594
21871
303
7763
1159
2690
6935
24942
16508
1961
9359
14219
16980
13663
15072
28265
24259
17313
24399
22058
19874
11683
2817
589
10549
9641
3574
27105
19513
24940
27896
21543
23882
19950
17489
10726
16099
26133
6338
25955
10636
24920
19737
17283
17530
24637
9862
8438
12027
25336
29283
2347
21901
21620
14288
20475
15099
333
13376
4059
22037
10563
18379
1741
9864
11996
12295
19721
3919
5875
5497
3859
10555
9939
5889
9393
14371
342
16077
13940
29208
5527
6021
3477
15177
7155
23728
17112
20987
8621
24157
28972
228
25058
5632
25617
25073
27852
9130
602
3309
8527
9389
9556
13706
15299
19519
19808
10654
6364
15981
10782
17088
6593
13717
11031
21210
26978
16948
2572
10639
4590
21310
12346
17064
1146
28054
14006
2680
29597
23373
13554
25817
13014
12715
12283
25275
28823
9676
24310
23844
604
23587
29392
10876
29777
4750
18084
9365
10771
3350
23012
21608
14544
4499
25043
11362
29213
5410
14997
21045
20296
10138
2533
22805
3011
4824
2714
26805
20341
6458
28987
13543
15338
16900
11854
25663
4849
14700
27955
8799
26989
3727
16042
6440
17434
16420
15003
19995
6418
12907
20045
24829
15172
1532
11748
526
5625
18156
14246
6771
13730
29118
6332
14518
17440
7447
28589
12669
16900
21074
13996
29733
15339
13822
8405
8460
16795
1045
11038
14563
16915
24669
21799
12832
4218
25388
25709
10177
22627
29479
9114
12350
19107
14024
6579
19464
12310
6464
26173
17255
21948
10899
5796
23655
6522
9109
24790
29537
15546
10966
16830
15753
12818
24097
21351
5810
19975
20668
3836
420
27907
29010
10666
7080
8108
14222
4774
18794
22684
29183
22969
15237
29512
9686
12490
11151
834
23331
23563
16242
25537
8232
21460
15823
26487
20452
4561
20998
4414
25673
17468
9784
7778
2502
11558
23139
19045
10187
29426
10341
24267
12501
16231
9559
1321
5960
3883
17821
19574
16700
20845
21591
27597
11994
9202
26740
1574
12009
2194
29711
15118
21056
22354
12437
3437
3589
28589
25050
28166
12644
6412
16701
1532
23244
26539
10376
20812
24371
28393
21336
13431
27176
5355
29810
13310
10068
1528
16681
11586
18297
664
27978
7159
27810
13635
5485
8385
22526
24329
5587
9157
22023
27697
226
26628
3928
27523
9479
16987
24423
8856
3236
11215
16499
27590
19202
17384
14806
8374
22108
16147
16174
10658
8626
26831
13220
20560
26187
12071
24989
20197
9609
29089
19344
5354
4750
13618
3078
24892
7941
9023
