380
8845
18626
12910
21857
15854
29270
11917
13275
12423
20181
17548
8266
20795
27338
20228
7374
8071
12406
24967
22692
9628
5918
4026
3159
23159
12752
22260
11416
1253
6756
20919
28890
16721
7505
6485
14686
2890
24277
20240
22691
14847
19849
23245
8222
12214
25195
6914
18181
13096
28353
5785
2180
26243
15968
25215
16764
19214
3961
16287
26162
19131
2826
20567
25753
2002
19698
27345
3887
2258
12309
18944
11564
24957
24463
22742
11214
26395
4586
15978
29239
25515
17867
17359
29161
23112
12167
23689
15598
16021
29350
9321
11834
8203
11255
23315
27055
2358
19933
24581
12179
4863
20843
29017
20412
11462
12647
17320
1301
13903
10236
27697
1131
10504
27806
24930
14037
19369
9782
12122
1645
19594
8161
29360
1854
19904
22743
19460
23130
6067
8501
6841
7237
21587
28180
13569
3577
28736
27280
7223
20275
21378
18657
13903
27553
24425
15489
16113
19050
25329
4432
11223
13074
13554
5310
26686
19720
13418
21508
18142
29939
3037
21176
9505
11920
29973
3111
3847
25080
22231
15564
19242
10579
28289
17766
18410
7145
9756
7227
13562
12456
11087
29124
13175
22477
16060
25684
18058
22625
5987
24143
11047
22530
3261
20826
9810
14853
18452
7917
21259
16906
9202
3162
8453
8310
23650
12239
22066
26972
10455
21133
24540
2528
2052
11076
19115
11283
24412
23361
26395
16151
4984
5739
10624
23469
1627
23383
16916
9715
19677
12475
3634
21298
12936
23091
2970
3211
2095
23681
223
16756
7863
22669
7518
8749
29432
28495
11753
16728
1625
29127
24027
5228
22451
23024
10464
228
8850
29189
25797
16808
29272
25794
22762
20015
29949
15290
3468
18065
25611
18737
377
3374
10782
18386
11501
27556
9466
25860
11798
4322
6212
19770
21632
6862
27212
13794
25854
6697
4783
20051
28594
15660
16961
12900
13613
3157
12246
11283
18478
8576
15934
3508
245
22531
7259
25738
14448
5549
3070
9363
1852
8896
23687
11227
901
16436
14190
29446
10290
20495
12055
3439
22654
931
13034
527
26060
26149
13020
14668
29962
28908
17031
22007
3865
6854
6963
8378
13312
15769
7727
11996
9812
17321
15774
22041
20179
26205
21984
4733
28082
25375
6242
26352
16974
14079
2227
7579
29137
420
26534
24703
27349
11764
8509
19751
207
6789
22455
2813
19007
9274
18931
13103
7089
15159
6159
17946
10150
4401
