2500
1534
13419
15911
11341
7643
10307
25541
26266
10808
4207
29189
23761
14233
6267
15811
425
14511
17393
19224
15031
4228
9287
2696
26105
13627
11914
9460
29001
16644
16214
19805
11869
7907
29150
27121
843
22599
18202
10362
12014
4014
29634
11575
20600
25720
1928
17299
7436
17494
27244
18494
12958
17301
9675
19052
10308
25421
20359
2445
14574
15024
16249
12880
556
27501
28467
177
28173
10672
12513
28606
18641
5266
17108
27868
25405
12805
28642
15729
5365
7544
4247
24417
16093
11640
4653
6531
10250
6601
16506
16512
17783
29752
17814
28803
14524
10718
18988
14225
1674
17797
13946
26101
7705
14754
9016
24436
21167
26220
19866
1800
16726
14546
19080
6102
18801
19222
27520
22220
3552
14210
18592
27591
19120
29120
22632
4556
7581
26644
11299
11874
24612
21696
21902
2319
7679
12440
28736
26022
26649
27261
25971
11733
3350
22872
5232
27894
7961
21581
6964
28591
24508
8697
1168
19741
6808
8820
13222
11991
22760
25677
12746
26653
8038
1680
29461
28612
6759
18445
22362
7173
4831
11934
24269
18689
25145
27053
26134
19095
1461
26347
22410
26991
4231
13972
17635
1270
14603
11467
10234
22108
28733
8370
13196
21210
13737
3804
20255
20925
20350
14421
24720
3419
6387
6855
7187
12933
21425
9458
22765
1013
7912
29412
29173
27881
2750
9006
27666
5422
16244
29410
15122
27824
20542
7859
13527
15806
18931
14240
11977
16434
17497
24746
2089
1349
18784
1730
1111
25417
2319
25018
2891
9924
13023
24906
796
7028
26456
7602
5999
1479
2142
13953
25588
9226
1332
29453
25291
11099
21464
8580
29260
5467
10374
14982
8157
20833
1054
18257
27137
18426
22731
11161
16567
12548
28248
7425
3846
15306
18080
27997
18055
20371
7731
1731
10881
2919
23676
11701
21730
5179
11691
29511
12895
23090
12796
20427
9675
6922
11038
26931
1532
26226
28701
8536
8738
9844
29922
18450
5183
17300
3767
162
6145
9847
5688
10140
25298
2600
20707
20932
3467
19315
24628
21261
10342
7819
8453
26674
18424
5239
14685
14521
6074
26547
8213
27830
24752
11121
14210
4656
25170
2700
18641
7608
14900
22661
11825
6765
17414
13129
27683
680
9576
2983
21471
19633
15583
10184
17062
13892
21399
28998
12071
6367
29479
1334
24154
25276
26799
19492
20681
9803
2194
26799
17512
26108
29758
22938
15498
7097
6829
5022
16623
24340
3373
26304
6298
17815
22429
1668
13853
12996
24507
6030
817
1055
5732
7008
15639
7114
13436
11954
19802
8738
4890
17214
24441
9138
28603
11028
25432
20988
27613
29716
11947
15920
1406
27793
25863
6540
20971
7051
10404
1567
5509
24306
7507
25688
22295
28623
28902
1218
1720
18860
24969
2582
21564
13447
25515
3212
13959
20853
11273
29190
18950
28260
28698
10225
24097
8763
29512
12969
12410
5201
21036
12428
2390
8674
12976
21839
7776
2534
28090
29200
22232
25319
2724
29001
15796
22854
13805
5844
12709
7865
13688
1900
26760
4301
21919
16012
15969
28455
27016
21950
16389
3178
9586
4638
23852
23524
29322
29887
641
13426
22954
15390
2316
26640
19759
25823
15095
19719
23362
12562
8665
14741
15038
20571
10909
14364
26279
9774
3038
5583
19162
17511
8676
24192
6187
13851
27796
12533
28557
7104
26017
25333
10269
15583
25015
603
21691
16355
24144
21871
542
5911
17583
5417
10702
16788
11192
2635
15998
1420
17556
6902
17395
10396
1932
1151
14239
5180
3815
12055
26411
1158
4375
26090
6444
23879
18427
1212
20816
16323
21073
21363
3195
16733
17393
15821
21138
18327
2651
20950
21735
10280
20049
17128
17870
8324
20165
16461
1671
8677
26353
18924
14378
17589
10393
15106
17120
18855
28617
8728
18388
8409
9573
16887
23091
22565
2158
11008
4686
5001
12264
21288
29147
8634
428
23857
23115
11412
3558
25750
20760
9200
2460
23379
18360
18179
20932
1058
29930
8171
19393
15138
15880
20194
13682
13193
27196
6699
15301
17984
4691
7665
8729
29
19574
25613
11993
1498
27275
22857
18694
1019
23299
1736
9765
470
29487
29855
20789
24230
23078
5065
14269
3933
26878
2993
27728
7043
3523
6782
1996
22967
11820
11965
15145
26111
11472
22871
26501
16631
15684
24506
22364
15926
10638
27105
21979
14640
19731
21956
24124
13219
19052
9007
4666
10593
23809
13283
25487
7831
29848
10911
12093
3614
5428
10422
26861
26367
8258
10381
9739
10162
1582
20463
20020
14571
1576
7562
16831
17360
11216
9388
9383
27368
14157
11695
9213
23490
21637
13603
22222
19661
1030
8608
15451
25454
23204
6610
9653
27495
18718
18792
19182
13035
28983
18612
4660
3686
14815
1264
23512
9447
23340
14852
12940
29733
24001
17203
34
2854
26720
23608
18453
7636
20482
29236
4402
29536
7247
24953
28941
21037
10060
24052
5402
28139
13325
16258
5300
6034
26652
27850
7271
17944
22278
14464
20935
24922
12879
19577
26189
22471
25769
1501
24059
27920
23707
22377
25465
13510
21635
15721
12930
5440
20561
27677
6803
29526
11591
29710
19388
20201
16277
28492
13740
4106
14864
3191
9374
21989
25607
22184
4168
23696
10992
22119
24402
6751
25106
8258
22716
6980
10091
25416
19251
28775
16744
23923
23549
14039
12494
22645
23152
4365
28131
23433
20552
7532
14852
21583
26514
12374
17362
25605
130
10721
23729
4369
5053
10352
29851
29685
15902
16134
12703
14458
22116
6826
3642
24539
28210
28279
16146
21988
2344
8647
5299
23033
7099
14170
448
18907
19119
14821
24466
6479
10639
3360
25108
27714
17191
15893
9453
1078
6979
18591
7886
18167
22224
14993
23796
27744
3739
26993
15570
16985
26496
12395
13467
9036
7226
17578
16331
24460
26258
6087
21904
3850
27967
19992
16959
21955
14754
22822
21287
15557
10674
20848
23432
12584
20123
24263
21546
15639
13484
7867
14310
24313
11165
21527
23176
2017
18325
14828
3898
25188
10864
27965
14909
23600
63
9447
22460
10516
13018
16779
26972
5453
2776
19428
21594
18187
24592
17333
26387
24276
26455
7702
7085
1471
19615
27942
3437
10307
18135
2754
10824
8269
5818
27541
10664
16555
590
10196
29269
11989
17184
1954
9711
9618
15541
6618
8912
20032
17659
5178
20621
29071
4333
20033
18750
19906
16083
20942
22273
26849
18169
6359
21680
4413
24663
21435
3537
17657
5265
24080
21615
785
2416
16197
26694
29755
26295
2502
17786
6056
10814
1401
891
15462
4034
8025
23040
192
5212
3685
15053
17378
7980
6533
16992
5640
9073
27702
14892
29998
13612
2004
23353
23563
7527
8792
21868
11971
372
25624
3287
3295
14308
7493
25102
1009
9911
6801
27546
16485
25844
1978
17795
18484
19728
25656
23978
7692
20956
15044
13606
23811
1386
13301
12138
21679
23632
18182
29682
617
10471
22995
3401
17471
19767
17510
21836
16852
29986
13076
923
1778
7282
8016
19078
14434
3709
25920
8667
19779
1608
26501
27970
19004
3301
1056
959
10818
4797
24850
15098
9961
20042
12428
5421
20736
3073
1284
8143
5293
2761
5475
25000
9276
8581
13338
9879
4257
3687
8424
2148
6427
29516
2602
2563
14725
28220
4650
570
21001
1389
13016
23372
11724
25508
29754
26035
3438
23087
21610
27182
11310
1817
7974
3596
17475
17814
4921
16991
10974
21510
7756
21756
13700
6594
28188
26295
27797
3119
63
21799
10379
12142
8979
6249
102
22059
29493
70
17334
1242
24228
13260
12322
20574
6104
5246
22783
24373
1698
12234
22202
20259
28043
8702
4816
20115
17251
12558
28311
6166
22694
21741
20638
3656
28766
3559
29224
13213
23577
3019
28968
16254
6965
9186
459
24423
18306
8845
3591
16371
65
14266
1911
10682
24158
29074
7073
14860
27189
1111
37
25127
18120
2578
19552
15104
25578
22792
14479
22158
6663
905
13826
2299
1702
7262
13628
4122
18519
8715
5204
25648
211
7155
19785
26340
11968
11397
17734
8501
22635
1899
5225
18212
21845
13770
18750
27037
11748
22321
18545
19640
21547
12280
13852
186
27069
6545
23390
18669
2837
5629
21435
27727
1745
19088
3301
2010
29641
908
1443
20858
6162
19843
28609
25448
13852
11388
16900
5826
15054
3778
21285
19646
18055
18342
15470
20124
11707
11287
12945
5224
21805
18987
1472
21881
4475
23038
11084
13864
15864
10307
14076
23845
7353
3287
21331
11176
337
7272
25717
25951
6178
23153
10579
26042
1266
8484
14013
23899
24673
15807
27317
20952
28686
28510
4776
2061
25730
18388
21851
1540
9154
10692
10703
14889
8970
29749
18370
10395
24313
18022
9460
23355
17053
21902
14967
16227
17441
6627
29265
10324
28177
13335
11103
14400
6520
8063
19896
2087
14794
19946
10614
18706
8915
6475
28871
7242
10263
21188
29177
8083
27630
10765
15687
28069
26112
21235
1360
369
27713
25750
10145
13473
979
9309
27669
28710
24497
20972
14335
27738
20724
7938
26371
5692
23665
17198
29010
18201
21864
1628
135
19774
1242
14632
14789
2473
28270
15690
15347
36
6914
8245
4228
24565
28645
23992
12848
24897
18504
11405
12986
10061
6951
3590
28833
9430
23292
27228
11989
4978
1303
602
28901
13478
287
3865
23253
16169
28158
16410
14314
2357
5491
22755
24711
29796
26981
7803
22918
11121
22411
21048
12323
8050
8215
9183
5589
3655
14238
6178
22491
11273
28874
18051
24888
15143
184
29044
15969
16157
6324
1388
2570
15231
24426
3671
17463
21417
5295
11646
16690
9427
28736
9450
20569
22722
16796
16897
6357
3390
14921
155
958
9547
23517
11747
14593
1371
3085
26086
5124
7204
3666
8335
29053
23199
1777
1415
23469
9565
23074
26539
7166
8487
10317
2256
16511
20153
11036
26349
16926
29268
14167
8605
7921
17431
26416
13381
14430
17509
9067
29954
9684
29823
24385
18883
8943
11824
4518
8067
21867
18147
471
27141
12796
15646
23752
2642
29488
5010
17738
11605
16808
4351
12058
21536
7528
1358
15418
5317
8413
14197
12053
18168
7732
24202
5797
22457
9356
27739
11934
1224
8835
11975
8791
7959
24331
16133
5769
1702
5175
5256
23754
26934
18642
28211
28801
3501
19937
28069
5428
21347
20803
15617
10508
17863
23629
18770
5367
20777
24055
3478
9311
347
6552
10031
4
699
11200
12046
26043
1401
23244
23504
26895
24942
24544
12424
668
18357
20076
26676
6851
25794
11121
18840
12112
27131
10145
12972
3794
5949
11289
15513
676
45
5761
19341
26325
23397
22162
5537
17654
7390
7968
5362
12505
5874
9305
2511
16352
18618
27407
26760
10662
29604
9908
3919
15594
9561
29453
14755
18330
9453
4780
8105
17662
29315
3482
16078
18054
6716
14013
11254
27284
10775
14799
10370
25730
15333
1261
12936
4649
14106
8497
20624
5758
27412
16096
24293
13209
27304
9286
21265
10792
13018
11585
29348
28961
29017
9217
21500
28153
18420
3422
5721
26608
27326
26740
13982
2231
14796
26184
13489
3268
3768
2721
21286
1662
11176
17094
24468
18878
11066
19283
14944
47
878
5850
6666
8444
3405
28873
29681
6081
4045
18671
4655
27498
28759
6739
28159
1025
26491
16623
7027
11334
20820
18212
18177
3671
27318
8647
1081
14817
14523
21010
29929
29324
1857
25266
17721
17475
17832
6700
22610
13609
14781
26548
17380
25257
6174
12819
19569
2734
85
22079
11653
25168
15921
29217
22173
10738
1460
4435
29092
656
14731
13516
17079
15839
9568
22216
10182
21875
23082
11167
17515
29031
26030
18890
9633
8790
28519
6146
7056
18019
16768
23559
12215
3773
28723
21046
5186
8301
26835
16676
24168
5996
29364
21463
4564
26969
24398
29848
29507
24870
17835
26532
3711
8302
25629
9475
18189
29694
19433
27578
26458
17101
13065
17180
23432
24262
4963
5481
25901
10351
13390
4115
10790
9421
25199
21924
23796
25919
14773
29977
5783
25331
5275
16951
11342
27074
8942
19871
421
15771
9901
7708
21339
28335
24592
26946
14168
2351
22466
22532
22303
8095
27520
3591
28933
21292
6684
7607
19013
27741
25701
20449
19833
19060
18760
29461
3440
10965
10816
13002
16728
313
388
19956
29938
301
22722
9706
19353
2633
22645
2958
25943
28441
50
17890
28872
18352
15976
7406
7464
2214
13966
13020
3378
29429
7590
23766
21964
20539
20125
25419
2547
27061
4254
1323
12381
19738
9287
4056
4728
8432
19788
29988
23469
22940
6095
21774
21882
13618
29410
24345
21252
18877
10801
25433
28820
15349
24962
18897
13359
17173
7040
4581
26546
11647
23032
13826
29055
13134
10936
29117
1320
21500
13069
7075
20108
20380
24200
1805
9530
12164
11870
5606
907
27699
6495
19721
3410
15348
19457
10457
555
24481
29677
23501
9985
8241
20994
22954
23978
17765
3018
12141
15030
18564
2220
6960
21924
14094
26510
1915
11469
10089
21986
29195
11330
13188
8959
6109
2496
17698
14592
10938
7409
15507
799
24980
96
27672
23622
4689
14715
29067
23529
14007
4527
21779
29309
11956
27754
15566
16004
10537
23502
24213
915
10125
21001
16112
10117
25122
23800
22187
5800
17688
25669
18237
17296
8308
5421
18402
11239
24952
21478
5043
5928
10200
22539
21314
20394
24051
14894
18030
8443
26023
27735
23416
26793
4382
18675
12231
12936
13
12489
6220
11442
8934
1680
20721
16299
3883
19757
949
29862
3697
28716
2300
5238
25311
13641
18006
29040
27991
22704
319
21041
9241
4473
3868
11898
6198
22771
10826
17150
11789
3684
28389
29181
13346
26665
26039
14075
22158
16980
4554
22384
17615
25516
17577
26997
25998
6992
7603
26817
6187
20798
16521
7645
26746
15598
21420
14273
10096
2757
5666
1267
7939
6611
8047
12134
10737
10266
19157
29792
12065
25446
5177
20898
3587
26069
18951
3667
5127
18687
23001
17758
18732
10280
10699
21750
19230
16953
11058
27150
16972
18081
12851
29880
29688
18734
12328
24117
21584
22659
12052
1870
326
1425
3882
18195
18629
18094
3312
28354
18363
18873
1636
3042
882
6310
21728
19917
396
21837
21569
10571
7682
26462
7584
10806
15486
29668
15623
6737
24515
7218
959
8895
27481
16923
16242
2237
19651
23783
11609
7271
29614
22108
2441
29048
18830
18575
14111
7398
1348
18683
13163
23738
12248
12431
4606
16295
27222
11326
16937
28837
23174
12803
27832
2347
12804
23655
23622
882
23871
18383
14903
11911
1362
23432
11931
29333
12529
6904
25498
1438
26963
29012
15669
2458
7990
17402
9190
17952
2294
21782
21058
9310
12380
20181
6188
6013
23958
1892
19981
12530
856
6472
6469
4285
7471
26019
8398
7932
21088
14380
26506
16407
15746
4823
2965
9316
25638
14346
20626
12274
7804
19719
28714
20411
4838
5790
15439
18871
18685
4175
4360
224
27744
3149
26075
22559
6803
20937
16482
16146
28458
20674
18016
1400
5371
8772
25151
20277
4624
12195
27688
12901
20361
18121
14835
12791
18379
8446
6978
29602
28713
17136
12199
5266
21724
9666
3663
13433
7328
10840
14025
29345
7827
4953
10721
2614
7188
16392
25911
18513
28568
25325
2743
8233
4391
28494
17279
16821
16120
8973
23516
11737
5148
14677
21670
3087
9149
6024
10360
11989
22279
21886
16928
26699
28551
27096
15083
7417
2587
8763
3355
21987
3300
6081
8249
24105
5808
17542
4731
29710
483
17304
16044
18876
21894
5215
13339
20192
26064
9716
174
23318
10163
22289
27686
1667
26084
4360
26429
29609
21532
26194
1160
6623
11683
13150
6731
26971
6579
22881
23630
17815
16008
14599
16483
23470
22797
14427
29070
28108
22389
22419
19791
24349
4971
4583
25652
5437
2936
27838
21619
1282
15845
11446
28496
25341
29675
3208
24509
22981
9673
29646
23452
6523
11851
11131
29206
2085
19115
15186
9584
31
