250
13638
29356
25169
28777
23138
19416
17581
17437
16404
5975
6808
29471
19839
15509
7300
11109
25887
9799
13823
23759
23889
24412
22250
10616
26137
11224
18592
13424
7012
28705
21484
1359
6714
262
28503
7638
10312
4413
90
9740
13819
28041
5803
29535
2918
3981
15175
10584
16232
2213
28912
29908
15479
27441
10528
2199
11092
27069
2595
12733
2162
21086
3093
24487
5439
16837
27292
9152
19689
19629
27972
27762
28197
22859
28033
10985
24405
7734
21236
15837
18336
20201
29612
22689
28525
21952
7976
24000
3507
27011
15969
23909
1948
19414
15822
26212
10231
21519
5419
24891
8995
29473
8480
1404
470
29796
25312
16306
26635
7937
28915
3434
17931
29787
19440
4641
2622
24083
29911
29538
20699
19052
20205
11251
7572
19980
452
18694
24347
24056
20740
29980
6382
24453
22612
19215
13743
10877
4045
109
22733
3409
1974
28280
10245
25610
29565
21836
14051
22441
15982
122
1378
15589
1850
21997
24945
12853
14113
10657
606
19541
27690
12840
11671
10469
17958
25562
18954
560
29001
17917
2190
6318
9362
23926
19353
26648
18087
10305
22649
24315
21279
12654
18079
15025
14731
23558
29151
10611
657
10200
18595
29456
3647
21286
22535
21668
25998
15526
26237
21355
14573
23065
13865
22152
28554
10776
15093
3880
20411
26104
25990
950
6756
22450
15883
26102
14828
10815
27480
22377
9032
8537
10376
25827
9556
13588
3280
7676
13041
21770
12555
8618
8246
15030
1774
1563
2095
18426
28020
7431
4586
20916
5993
5340
26075
7680
18793
21588
