2500
9956
28125
27655
27479
27552
1817
4793
21760
6696
14786
15174
18489
19288
7981
23467
28942
1038
23857
26482
15657
10466
259
13417
11951
8313
2541
567
27451
23936
18679
5498
14147
24190
13721
2354
9435
27635
13185
23697
28897
23702
18828
21936
12053
29371
397
29705
4996
19830
25543
23080
10218
12669
24380
1062
3510
14067
23181
14662
25044
25871
13607
7875
15194
15943
7832
17806
14686
27087
9296
11255
1752
28137
497
25874
13269
25463
23941
28237
6776
4762
14375
18162
26310
19158
27568
16123
27555
11065
4396
9431
16668
15376
1802
25197
20298
18075
12837
8334
22581
17778
25327
27460
10968
29970
6090
11270
17755
511
25828
18378
6830
27054
20176
4522
13778
22500
546
14390
7596
19584
11125
14037
7859
9667
17306
12890
17506
7933
26976
11553
5911
27398
1720
29045
19855
22543
11573
14726
11279
445
22240
8805
8831
17780
8165
4061
13830
2614
3612
18575
18998
18388
22039
12731
22123
29021
13620
26499
25032
17858
18057
20939
874
18312
16361
20767
1095
5945
29831
12987
19416
7244
13631
22083
13937
6647
27367
17454
8046
28418
18586
16047
18658
6227
10141
18460
8650
1018
13992
8548
17884
4651
3343
29066
12183
18321
5989
12893
8079
24287
27304
7773
23706
18214
7622
26313
10441
11796
19306
21427
21925
8040
4967
16487
3921
18001
25409
24254
526
26375
12690
5754
6883
1310
22232
23578
11221
2740
15990
17356
14589
19464
4941
28016
15661
23481
1982
2621
26157
7691
29474
28184
19763
16988
440
5146
898
19734
3279
27334
584
12230
11572
2262
19209
11903
19193
4988
16440
11674
4812
25917
14758
4116
17883
24481
17502
6048
25136
12060
11088
16549
17422
28208
26149
25289
17030
18053
28730
24175
27186
2082
5689
9493
3360
6797
5530
10616
7952
16525
1908
24485
10211
25035
17727
13123
17101
3979
18558
5227
4431
10513
3140
19850
8717
17222
1512
24233
14263
13453
14375
26392
6391
8176
2606
29397
6440
2502
20706
13273
10223
15155
28856
5136
4625
28489
11715
5225
13016
25581
3113
29935
22296
19232
5743
17445
28839
3359
607
13524
13594
24547
12972
7360
8931
28454
14614
10103
13914
25509
8551
27545
7106
21451
17675
29053
9331
24408
1261
10712
7289
7429
13332
5583
11287
23409
2915
20042
18168
989
8954
14528
23039
2067
17337
18464
22833
18580
16513
6828
10932
15093
28506
13456
22139
17833
5703
982
28888
29960
19930
25095
10165
17248
23125
13126
7342
194
6002
24778
716
2910
16940
8406
8759
6310
4791
5323
16925
7640
763
18427
16085
19512
16242
15999
122
26724
5733
27891
11065
3449
3364
22327
3062
6454
19724
11813
4737
17571
28863
29443
15096
13750
23520
1847
25332
19899
15870
11404
1404
23589
12176
5406
13902
18892
370
15523
25536
9953
15600
23671
15089
8343
24999
19714
29071
6952
13455
20775
10744
13063
4580
14741
1164
8951
22353
21092
26991
21954
27646
29087
18886
15333
18953
15108
4331
26788
510
15582
16316
9177
11471
2085
11283
15640
16155
2502
3562
12322
16661
1874
586
17800
13396
12049
4469
963
2116
18923
2626
6406
5019
9261
18429
1864
973
16687
23195
21011
24812
19033
5732
18652
12898
22407
16487
25969
20694
5767
8075
29995
19982
17206
18347
4766
15044
29959
22751
277
5924
23076
7402
23273
22705
19652
29452
27638
12451
4140
12453
27010
8989
27941
14332
29000
23696
22619
13017
20135
16056
14918
24408
6618
11295
10122
3111
2130
28778
7396
3613
12708
18220
7840
7288
29922
26842
16453
12405
12377
5747
8040
24812
8182
28916
24497
27764
8896
447
28035
5167
29716
16409
15617
15740
5815
9094
9737
11985
29515
24376
27137
18190
9961
24154
26922
8183
9138
19008
925
6340
20642
8833
906
22187
1179
24569
21852
19827
9237
27240
16096
21273
10645
18009
8676
28985
24244
10857
24728
6287
23407
5038
22235
1145
24976
22998
4597
25934
4219
19730
13813
16777
16657
837
6938
21610
21455
4962
380
10136
29037
25653
15032
7462
1887
24220
25162
2382
5665
15644
1957
25010
21751
949
19933
29126
9683
11394
15590
14519
24882
2762
14574
25951
25403
21245
21555
11887
14914
27783
12743
5529
19530
5371
1744
11477
20075
13024
23727
23539
19256
12682
24564
26490
21090
6937
22488
8429
11785
26573
9417
28374
7408
16738
15073
6554
8207
4859
18730
4948
13697
14346
27136
25086
13614
9480
29165
27322
26198
5760
5695
20441
14119
7566
21771
29414
5331
26328
1869
10663
15408
15536
12756
15452
19265
12274
10348
22864
19044
18516
24764
25887
26503
8683
24959
11034
18783
20122
1373
12960
5344
16133
26926
3431
24666
10802
29381
5364
21932
14972
21422
15152
5606
603
26867
46
24767
14529
29053
19498
9019
22151
27882
4921
24633
6892
11513
2551
7228
4565
20348
20886
4884
7103
15668
1442
27610
15648
22686
3346
14007
2689
16150
16914
7356
7142
15106
16676
16870
14443
1147
25165
27481
18809
29943
11332
24564
25394
20609
24177
12268
26018
27279
8825
13011
6931
9981
26217
10462
16479
17975
10195
28005
7857
14091
14579
17485
450
10416
17000
3147
6401
607
26676
4986
7289
11760
11406
3316
11735
17456
21200
24695
16566
10920
6587
23274
14646
29586
27523
5768
16314
15867
1081
29701
24894
24504
29682
24845
22497
21680
11270
21965
13161
7652
10246
26039
25651
21973
27470
12712
2850
4016
24356
5600
6234
2820
3566
4596
8052
29357
17110
18592
28844
24831
12470
9453
14293
23080
11095
20110
20597
3408
474
27506
19956
24492
28114
1266
1398
16811
25108
16923
11070
4312
12817
21722
28714
1685
5021
6848
28766
29680
28927
9301
20994
26185
20848
4670
7002
25124
18921
19178
6666
25154
25541
1184
23029
12297
27906
28614
13046
28782
27118
1226
24117
1608
19328
6739
15035
20477
27186
3890
3002
5631
13912
19921
13508
26205
8293
6112
19337
16161
27226
16260
10389
4637
15798
14163
24363
13550
12564
4396
29177
4234
7427
7041
20069
11245
4092
22551
10908
4015
28624
29916
1150
22205
23027
14660
22706
16518
26582
5903
10373
11608
5625
28382
20928
4644
357
9772
5993
27613
1926
28779
3239
3623
6864
4241
6363
11247
21266
290
25701
17438
9681
8202
18282
15830
5888
9746
2096
1584
9996
23558
18672
16621
21735
21288
20741
24656
26417
4971
16509
29376
25952
27561
8278
22381
24462
19054
26061
7596
19492
5832
20837
13914
15807
10615
26500
11164
26596
9797
15048
5386
14005
21390
4156
11020
27689
15261
27912
3634
18048
11800
29308
5128
10029
24021
20771
4748
6427
6757
3733
6990
25079
29939
29098
236
8540
15659
27027
28123
5294
29532
16791
27451
22663
10865
14643
14951
27770
9773
11395
5304
14890
17013
13001
27589
6246
22792
19926
29590
20057
28747
27042
25741
29541
27370
3938
18877
13189
27889
2068
29673
12353
28948
13267
25293
2881
14730
8962
17904
12362
3619
5779
13105
9817
334
4616
13803
1202
20235
22686
8704
3648
1726
9573
24042
10023
856
24385
26257
28999
1699
17989
24354
16958
232
701
24783
20379
4589
11466
25074
669
26823
21148
16672
18252
15049
639
11930
29622
28765
12198
18977
21559
7337
29731
9268
675
16562
28568
4145
20261
8597
7734
1800
6764
22981
17903
12288
28894
2569
11877
16539
29654
26253
7080
18272
11682
984
18310
1709
25786
19147
22955
18392
2672
27066
16101
217
4065
23515
4003
1058
29059
8586
14396
20722
3749
9601
15720
14753
339
14201
16936
27244
12806
6962
17975
4724
29732
16457
18670
5331
15625
6287
9319
24507
24441
27834
15705
15516
12510
11111
8572
18636
25693
22556
18646
21407
29619
24419
16975
12507
21419
19739
26666
8347
12379
20041
15323
19098
16858
18445
4387
21387
15351
25867
21959
345
23952
8512
14172
11964
1929
24608
18757
3933
27127
10294
25791
574
7012
12743
5592
21420
27510
6151
12582
25952
1336
25608
17513
18855
23418
26891
25233
27600
1269
16318
26979
2472
11759
16530
8683
28615
28576
23259
10802
8229
2983
4672
6907
18583
15236
6667
26002
1505
19367
1314
7263
20318
21531
29460
2026
29929
970
20491
21063
26084
18461
2504
20990
11002
21085
13230
18459
27700
28489
27082
7488
16975
4918
28087
1851
23388
5269
16058
22958
10970
23820
9269
21226
29597
5276
14700
15900
10582
25739
25599
7656
26006
11882
9878
24680
8715
24600
28625
8630
1164
9540
24829
23464
23915
25532
18453
15294
18167
24378
20318
20762
26241
26682
25332
550
11468
6775
10984
8100
21040
25115
834
26959
20403
8091
18777
7271
8591
19726
11060
2171
508
18418
6599
658
12785
27256
10362
12773
7319
10605
149
23617
18311
24248
22720
5131
1077
23855
18772
777
15339
2484
19207
23271
16122
14514
1828
17507
15054
15317
951
24449
15601
20460
2245
29066
9053
27779
21221
9010
24401
16708
23434
9345
7050
6172
26215
2825
28462
27503
6753
23723
731
14368
3926
25665
24758
10376
20732
5861
19922
2736
29913
18394
23246
12187
22366
9699
17236
23565
1935
27082
11069
16590
7747
26320
15908
18357
29718
15476
1264
14995
19411
17428
15396
15478
16159
1283
15071
26694
16564
16349
16144
22951
7109
21102
12639
8923
16084
17801
5403
29481
12261
14433
13945
6725
18206
10447
22744
19200
837
26224
12813
29569
18922
3932
5988
19046
5976
9174
6890
21470
455
27252
19302
17910
7565
17020
29799
5606
19376
26245
14374
13061
2826
27169
12023
17108
2472
13893
4701
22138
16732
7035
29127
2461
18577
14520
24016
15605
3894
12254
24062
912
12214
808
14868
5864
21168
18980
13340
23898
12883
11235
15318
14111
8329
14615
18374
29941
9660
5743
11177
25221
13451
16064
19206
4246
26295
28838
9021
4670
4758
29560
18512
28097
20401
18212
17379
10607
5051
15649
8432
20935
16808
22752
17841
26783
28727
19910
1318
2764
972
20581
12037
25775
29624
24767
15246
27994
22442
11383
3527
24200
18186
28115
9639
21069
2973
15080
21353
15808
3952
8761
14096
18354
14201
9344
5707
4978
4059
6640
14627
27533
909
9454
29769
29112
3587
20710
24330
26470
10945
12222
6355
6605
8090
22009
25614
2912
26669
7588
1814
17041
21304
19967
19901
9825
1349
6957
25073
874
16818
3570
27985
10898
3709
29279
29542
12816
20575
22728
23883
28898
6498
8894
6422
10560
13654
15729
19895
2996
23258
1472
13184
4274
3024
4394
25616
21562
1864
17665
25464
15876
27824
23367
28906
12474
14892
21087
23605
23595
29167
25761
24734
2843
7126
29059
13656
8891
20064
23114
10085
10503
7505
11144
13145
13894
13615
16384
19800
25233
20037
7669
15604
1460
26120
19637
24812
4464
25230
13805
16124
26977
1405
11596
19117
243
9495
20002
15117
24860
11052
6143
19377
29661
7234
10974
20840
25135
18788
25446
14182
29881
27612
2277
19061
6061
11037
25761
10469
6813
23880
28413
22748
26151
12683
22622
26484
13137
7209
28330
1253
12687
4087
9237
1460
18253
20699
16141
29517
20636
25476
20141
20153
25948
16142
16641
15940
16826
15081
4517
27145
8134
25447
18172
15099
6541
25056
128
25137
9008
87
18908
14555
2025
17474
13007
13893
18497
29452
22836
17344
11357
24524
16068
17609
27010
7719
19277
5098
3787
11870
20977
5328
3139
14683
16345
6191
27132
22381
23502
4910
23966
6764
13023
18178
10092
14758
27979
28415
14608
9304
3991
14734
26212
9287
24909
2223
16006
26421
18704
9147
17516
3250
24035
18367
3740
11674
8477
25600
21657
23626
23129
28090
25197
22553
10939
25540
8442
8793
5875
17635
28770
10167
4937
438
15137
6769
6550
16015
23458
25510
202
23098
12966
27355
25467
29978
27336
24767
15788
11735
29228
24593
2780
516
11913
13624
3099
7990
24473
23852
18192
9087
21516
18119
19416
15877
21183
26269
7016
23694
8095
17370
21872
7558
3800
8823
25437
8678
19981
11580
13080
7448
16983
22645
22547
18997
15260
6299
5648
17064
24327
23061
13818
5166
27307
21641
17839
944
8412
13011
28913
22861
25063
7289
20274
13499
12788
3149
22217
3558
12295
16024
23733
5369
22284
14588
10309
16876
14810
20166
2510
4045
29595
1090
11947
22894
13378
6925
3122
11901
16531
515
21940
27958
16033
466
25495
4001
25173
27890
14560
28422
466
29038
1679
20523
27700
4394
21714
3779
7770
25496
23834
6815
8527
17345
13729
9793
16924
14756
2462
6145
22867
1955
16371
29686
5292
24329
8457
22629
9878
26266
14940
6966
12464
13913
29248
8288
14056
18584
5513
14854
9257
14212
7058
96
14534
21855
29978
20618
21440
8728
16317
28110
11532
4132
22503
23340
15522
18260
19842
5148
20763
15521
18817
19411
19167
25487
27945
25432
29479
1112
2903
13796
6377
1150
6192
18689
23545
5497
8108
12911
24690
2754
26880
1298
16232
24150
5163
7277
16837
7926
448
8258
28302
15841
10641
13030
14341
27702
7049
11760
5269
7451
12402
10616
19967
10329
2785
4117
16424
7719
14615
13650
2660
27660
3663
5531
476
23649
6018
24812
8122
13228
27910
3256
4570
25087
17949
21924
18505
20673
27778
873
24891
27978
29298
20029
16674
25461
13265
20567
4466
20510
1685
2984
14802
17081
16676
3543
176
27230
27846
6043
17021
477
24893
25719
8947
17194
3422
11293
27762
17425
26069
5509
24502
10866
1216
17694
28700
24326
18529
23465
5194
14496
925
24179
25470
28135
14345
17770
835
1820
29559
1359
15818
5476
5377
25293
22427
14950
4719
16380
3506
1562
878
5609
19173
5170
540
7369
13242
5915
29192
8725
5676
14903
11808
22737
22965
27612
19183
1505
10358
13069
23245
4682
3619
12687
1882
8333
823
1214
1756
1260
27645
15183
12436
18196
25684
2942
23114
13707
3609
7062
26406
13706
6797
23059
24417
14046
19918
7861
2929
8033
11412
21662
4930
8227
24901
25433
16854
11434
23427
19325
19540
25827
4789
26590
7369
21924
1316
25880
680
25387
21151
9734
24470
24500
5875
3836
26607
7810
8337
19331
9646
3704
12489
16790
5747
5133
1649
219
2812
13595
20185
14084
13504
19094
11898
19806
21780
24151
5172
803
7866
7905
12608
23830
18108
27538
13159
24276
25606
16368
3362
8853
10109
25097
10229
19000
12830
11215
13617
627
10178
14464
12821
43
27934
25302
17684
12994
14953
12330
25474
3427
9574
28969
15722
3902
29024
16304
16123
6186
1645
13978
11941
14960
9504
2017
26883
3404
14510
6395
16680
26533
19644
26340
26684
1072
24503
7715
5456
5727
7894
18409
7135
19232
21577
18511
14142
213
6249
15102
27231
1813
12574
870
25359
28565
26987
11281
28381
1254
27112
11230
22749
28137
14377
5349
68
25548
28455
1424
1318
3572
13580
22005
9493
24659
13496
13640
16865
1479
9728
15377
23593
24253
23160
1381
8626
28101
23991
2157
12638
28027
19913
25097
28289
22213
11736
12548
10001
7035
11585
13000
23229
27264
17840
17069
22531
2759
12
6561
17448
43
15682
24913
17004
19081
14640
8057
25452
11564
28462
3057
7883
23217
24340
19300
5264
8728
16740
1612
11064
6280
26911
2142
2048
28789
7968
25707
10690
9301
27951
19298
1298
21271
734
16021
25894
12329
6953
10296
19736
14197
26999
12737
6983
9689
15467
28627
16822
494
28530
7138
16328
21263
1069
22759
25140
21376
27752
28746
24153
28739
7322
12654
23438
10471
11092
1337
13103
22205
13519
2345
3188
2125
15754
29844
6485
1172
1583
19356
274
25748
3863
10615
5691
6408
18016
8633
25667
21576
4907
28336
24777
10597
19483
18891
893
11299
19850
19926
2226
9462
19597
23968
26089
16745
18393
25793
8836
27957
13729
3537
2819
23465
18615
