500
17583
16599
29317
5093
2431
4525
9998
2145
612
5385
14826
21965
10722
14579
27224
11488
16272
840
17493
15769
4740
8058
23578
29500
9572
15055
25981
28694
14405
28276
1608
6570
27611
11249
24335
12680
4863
28067
26035
7711
12765
18005
18482
27215
25129
5207
11728
19383
23670
13186
21686
15397
10675
25965
11082
8421
22810
23050
20933
28838
29575
28219
15008
16198
13381
27096
486
6065
13609
10996
19548
28429
11401
15365
11511
26228
11259
23025
25225
28416
13575
28310
22933
21120
19867
2052
5348
10718
4384
11692
21954
23139
11933
16135
27764
26857
3661
5746
7987
22210
3782
14726
17851
2183
2462
3368
24663
15832
25399
5098
14185
18207
5202
26574
7816
9965
21397
13797
27299
15812
2200
17217
29673
24230
7949
28989
27169
3365
26927
1143
25252
10026
21766
13501
20929
17626
20612
8925
29863
4804
23525
17623
16875
12814
8221
8345
20006
11235
12137
822
26758
24001
27737
24711
6970
17373
29844
9077
25218
26553
29789
23
18622
20937
8299
7940
11884
14570
23821
9538
28689
1741
19205
20582
11016
14769
21632
12180
3857
6739
15559
29723
29710
21811
23454
715
9168
9414
9515
6671
25912
22569
16879
18388
19495
5780
23136
19368
5906
13027
24374
67
7908
11077
9929
10315
17725
9254
726
4418
21504
6231
17332
15640
9650
5271
8436
27451
5120
26858
3019
10142
10945
29365
20033
16138
24289
4415
18594
15191
3020
23708
27202
21826
25171
24819
23255
18917
2309
27015
4930
29123
16195
9472
12997
12547
1368
6896
11962
25124
9700
15803
19864
15021
2384
22189
23915
20459
2254
1304
12748
25811
29602
9296
6259
7370
17282
17338
6235
6721
23756
14660
17857
2280
28803
20702
25970
26035
7234
2905
171
10116
16638
28685
20414
21843
25910
9995
25090
2381
24424
16352
17940
4189
13669
13867
8372
18144
12347
17942
22835
29751
21825
8737
12627
23947
5971
29828
24964
14982
6669
8397
27700
22534
15055
2057
23012
4467
24629
15447
22809
24480
1715
18718
26480
18969
21682
16138
11927
7569
29265
27926
21271
19243
14165
8388
25978
2844
717
8840
12610
15115
27297
19933
17328
4730
20123
22801
27244
7735
23772
5612
24094
2785
15410
13790
3557
12274
7600
1239
8264
1156
16935
27488
26103
18181
3293
7182
18733
18824
15107
11242
20527
5614
8138
11923
855
15742
18939
26073
11674
14596
9581
22667
25972
13541
14741
23245
6041
7449
9606
18401
20418
2731
9642
8904
16589
12945
22184
22933
16979
17444
24762
25703
13501
14825
24780
7597
10321
25096
7954
15706
24524
21155
11578
27794
5432
12003
22595
21529
9470
13296
8616
6854
26001
10340
10500
29747
3228
1652
24630
6187
3941
24376
3581
16552
2622
13140
20099
11986
25486
18719
8508
16630
13570
27015
25776
4714
8596
25306
22639
18005
29030
18702
5356
28256
147
9048
21628
21302
17769
18043
5748
14633
14181
21011
13064
2236
25771
25580
4297
12228
22194
2994
14512
24465
18545
15727
237
10525
21540
27114
7429
19841
14015
13451
17363
20619
19936
19862
9306
28530
10922
25346
20261
19927
25850
5596
26716
25646
