100
860
672
499
1617
1123
1845
1250
773
984
770
1118
1211
1477
585
1602
470
401
869
1139
335
1069
1923
62
129
1883
1027
448
843
917
874
494
1468
1650
1913
1355
843
1187
1108
1536
967
385
707
84
1729
497
1628
1101
680
249
1348
483
501
1944
239
1939
1808
1485
1392
131
1444
1680
1966
1559
99
764
670
221
1974
324
1327
1450
1515
181
123
1124
826
1553
1639
450
1382
1731
694
1067
1916
908
1139
1438
1954
1733
69
175
790
1295
1116
1689
45
1691
570
659
1803
