150
3544
5557
538
1533
2723
2111
4934
1889
1398
7350
4854
4670
1723
2650
5092
2326
3536
5296
175
5001
6416
7439
5097
5708
5709
7599
1033
5252
5501
7323
7652
6720
7007
6796
1773
1770
393
6830
598
1841
5778
5940
6990
5032
4310
3990
6464
6585
5430
327
6658
7045
1796
820
6352
2724
657
1497
7347
3073
6825
5703
6729
5408
512
2127
2583
4284
673
5069
4746
486
5470
3567
5124
7127
7510
7918
1751
432
2837
3876
2429
2463
6905
6577
1508
4206
2290
5597
566
4664
1331
7458
1458
5633
36
7907
3458
7363
2709
342
2140
2369
7983
1349
7800
5718
5558
2452
1252
477
4625
7281
347
1523
5517
4029
5736
1906
1170
5113
2900
1101
1437
7780
3211
2458
5537
3431
2525
5222
5625
5964
7289
4102
7104
971
2921
7891
6843
3887
2871
3631
6428
269
4138
684
2259
652
