120
2711
4665
2500
3709
2115
3144
295
2933
3596
2567
3494
3822
4405
810
4214
4024
2147
1264
1009
2876
550
1285
2676
3650
1245
1928
1326
4925
3596
1962
206
2722
1249
4243
1882
3976
2969
3087
2354
4921
4242
4035
3630
1166
3039
3312
126
3014
879
3078
3393
4837
4623
1375
4134
2088
4024
4039
4739
4827
4017
1244
1630
4088
4890
4019
396
1464
1495
1286
3952
2882
1601
3178
2368
647
965
1498
191
3131
4311
979
4188
42
597
2721
680
3946
742
2734
3165
2285
3886
671
1586
251
4579
3315
4486
4595
1411
1613
3623
535
3891
2585
3649
4874
917
2430
3135
3569
1171
1698
982
864
3251
2359
4597
3004
